# BLOCK     VELOCITY     AVE_POFV     CUM_AVG_POFV     ERROR
           1           0   0.0137722   0.0137722           0
           1    0.139841   0.0838915   0.0838915           0
           1    0.279682    0.208151    0.208151           0
           1    0.419524    0.365869    0.365869           0
           1    0.559365    0.554222    0.554222           0
           1    0.699206    0.648288    0.648288           0
           1    0.839047    0.745466    0.745466           0
           1    0.978888    0.770208    0.770208           0
           1     1.11873    0.705165    0.705165           0
           1     1.25857    0.699934    0.699934           0
           1     1.39841     0.58457     0.58457           0
           1     1.53825    0.481366    0.481366           0
           1     1.67809    0.388205    0.388205           0
           1     1.81794    0.305991    0.305991           0
           1     1.95778    0.202169    0.202169           0
           1     2.09762    0.133772    0.133772           0
           1     2.23746    0.091528    0.091528           0
           1      2.3773   0.0568988   0.0568988           0
           1     2.51714   0.0478497   0.0478497           0
           1     2.65698    0.026772    0.026772           0
           1     2.79682   0.0155379   0.0155379           0
           1     2.93666   0.0109472   0.0109472           0
           1     3.07651  0.00496595  0.00496595           0
           1     3.21635   0.0010594   0.0010594           0
           1     3.35619 0.000529701 0.000529701           0
           1     3.49603 0.000838694 0.000838694           0
           1     3.63587 0.000794552 0.000794552           0
           1     3.77571 0.000926978 0.000926978           0
           1     3.91555 6.62127e-05 6.62127e-05           0
           1     4.05539 8.82836e-05 8.82836e-05           0
           2           0  0.00904907   0.0114107  0.00166989
           2    0.139841   0.0742906    0.079091  0.00339441
           2    0.279682    0.192414    0.200282  0.00556371
           2    0.419524    0.339715    0.352792  0.00924684
           2    0.559365    0.484831    0.519527   0.0245334
           2    0.699206    0.627034    0.637661  0.00751452
           2    0.839047     0.74955    0.747508   0.0014436
           2    0.978888    0.789719    0.779963  0.00689806
           2     1.11873    0.768553    0.736859   0.0224109
           2     1.25857    0.707725     0.70383  0.00275454
           2     1.39841    0.592515    0.588542  0.00280917
           2     1.53825    0.528488    0.504927   0.0166599
           2     1.67809     0.42599    0.407098   0.0133591
           2     1.81794    0.319167    0.312579  0.00465853
           2     1.95778    0.219318    0.210744  0.00606312
           2     2.09762    0.143483    0.138627  0.00343343
           2     2.23746   0.0781751   0.0848515  0.00472096
           2      2.3773   0.0469889   0.0519438  0.00350365
           2     2.51714   0.0228654   0.0353576  0.00883327
           2     2.65698   0.0159131   0.0213426  0.00383919
           2     2.79682  0.00975533   0.0126466  0.00204445
           2     2.93666  0.00361963  0.00728339  0.00259068
           2     3.07651  0.00180981  0.00338788  0.00111586
           2     3.21635           0 0.000529701 0.000374555
           2     3.35619           0 0.000264851 0.000187278
           2     3.49603           0 0.000419347 0.000296523
           2     3.63587           0 0.000397276 0.000280917
           2     3.77571           0 0.000463489 0.000327736
           2     3.91555           0 3.31063e-05 2.34097e-05
           2     4.05539           0 4.41418e-05  3.1213e-05
           3           0  0.00666541   0.0098289  0.00170508
           3    0.139841    0.072525   0.0769023  0.00288349
           3    0.279682       0.201    0.200521  0.00371427
           3    0.419524    0.360727    0.355437  0.00653186
           3    0.559365    0.533939    0.524331   0.0168194
           3    0.699206    0.648641    0.641321  0.00583333
           3    0.839047    0.743436    0.746151  0.00146782
           3    0.978888    0.794663    0.784863  0.00609533
           3     1.11873    0.791683    0.755134   0.0211155
           3     1.25857    0.664797    0.690819   0.0107808
           3     1.39841    0.590595    0.589227  0.00195432
           3     1.53825    0.504651    0.504835   0.0111069
           3     1.67809    0.393215     0.40247  0.00967443
           3     1.81794    0.301113    0.308757  0.00440267
           3     1.95778    0.218259    0.213249  0.00453011
           3     2.09762    0.130616    0.135957  0.00316132
           3     2.23746   0.0870035   0.0855689  0.00320134
           3      2.3773   0.0470331   0.0503069  0.00269113
           3     2.51714   0.0274562   0.0327238  0.00626922
           3     2.65698    0.016509   0.0197314  0.00287775
           3     2.79682   0.0101968     0.01183  0.00151732
           3     2.93666  0.00562808  0.00673162  0.00178491
           3     3.07651 0.000617985  0.00246458  0.00105911
           3     3.21635           0 0.000353134 0.000288333
           3     3.35619           0 0.000176567 0.000144166
           3     3.49603           0 0.000279565 0.000228264
           3     3.63587           0 0.000264851  0.00021625
           3     3.77571           0 0.000308993 0.000252291
           3     3.91555           0 2.20709e-05 1.80208e-05
           3     4.05539           0 2.94279e-05 2.40277e-05
           4           0  0.00816623  0.00941324  0.00132851
           4    0.139841   0.0699647   0.0751679  0.00263306
           4    0.279682    0.185528    0.196773   0.0042776
           4    0.419524    0.339208     0.35138  0.00602875
           4    0.559365    0.533476    0.526617    0.012769
           4    0.699206     0.68177    0.651433  0.00978939
           4    0.839047    0.784951    0.755851  0.00847241
           4    0.978888    0.811238    0.791457  0.00731478
           4     1.11873    0.764492    0.757473   0.0159657
           4     1.25857    0.705452    0.694477  0.00868414
           4     1.39841    0.589756    0.589359  0.00147022
           4     1.53825    0.504673    0.504794  0.00833022
           4     1.67809    0.363088    0.392625   0.0111958
           4     1.81794    0.271075    0.299336  0.00880136
           4     1.95778    0.171778    0.202881  0.00960011
           4     2.09762    0.134655    0.135631  0.00238769
           4     2.23746   0.0855026   0.0855523  0.00240105
           4      2.3773   0.0540958   0.0512541  0.00217867
           4     2.51714   0.0347837   0.0332388  0.00472302
           4     2.65698   0.0253595   0.0211384  0.00247853
           4     2.79682   0.0138385   0.0123321  0.00121824
           4     2.93666  0.00975533  0.00748755  0.00149018
           4     3.07651  0.00450246  0.00297405 0.000908646
           4     3.21635   0.0029575  0.00100423 0.000603907
           4     3.35619  0.00048556 0.000253815 0.000127147
           4     3.49603 0.000419347  0.00031451 0.000173852
           4     3.63587           0 0.000198638 0.000172026
           4     3.77571           0 0.000231744 0.000200697
           4     3.91555           0 1.65532e-05 1.43355e-05
           4     4.05539           0 2.20709e-05  1.9114e-05
           5           0  0.00794552  0.00911969  0.00109476
           5    0.139841   0.0719953   0.0745334  0.00218157
           5    0.279682    0.191884    0.195795  0.00353206
           5    0.419524    0.365097    0.354123  0.00541132
           5    0.559365     0.51999    0.525292   0.0102837
           5    0.699206    0.642395    0.649626  0.00799666
           5    0.839047    0.741428    0.752966   0.0072524
           5    0.978888    0.768486    0.786863   0.0071504
           5     1.11873    0.761755    0.758329   0.0127955
           5     1.25857    0.702053    0.695992  0.00707826
           5     1.39841    0.594347    0.590357  0.00147634
           5     1.53825    0.531776    0.510191  0.00822846
           5     1.67809    0.405928    0.395285  0.00926742
           5     1.81794     0.31579    0.302627  0.00763153
           5     1.95778    0.194709    0.201247  0.00781797
           5     2.09762    0.131211    0.134747  0.00206731
           5     2.23746   0.0922122   0.0868843   0.0022603
           5      2.3773   0.0551993   0.0520432   0.0018804
           5     2.51714   0.0244766   0.0314863  0.00409062
           5     2.65698   0.0148096   0.0198726  0.00228327
           5     2.79682  0.00851936   0.0115696  0.00118954
           5     2.93666  0.00317821  0.00662568  0.00141967
           5     3.07651   0.0036417  0.00310758 0.000736663
           5     3.21635  0.00214088  0.00123156  0.00052417
           5     3.35619           0 0.000203052 0.000111391
           5     3.49603           0 0.000251608  0.00015003
           5     3.63587           0  0.00015891 0.000142134
           5     3.77571           0 0.000185396 0.000165823
           5     3.91555           0 1.32425e-05 1.18445e-05
           5     4.05539           0 1.76567e-05 1.57926e-05
           6           0   0.0108147   0.0094022  0.00094805
           6    0.139841   0.0792786   0.0753243  0.00195608
           6    0.279682    0.210645     0.19827  0.00371048
           6    0.419524    0.355253    0.354311  0.00451271
           6    0.559365    0.518997    0.524243  0.00862312
           6    0.699206    0.635465    0.647266  0.00700351
           6    0.839047     0.74966    0.752415  0.00606457
           6    0.978888    0.799452    0.788961  0.00625895
           6     1.11873    0.748799    0.756741   0.0107611
           6     1.25857    0.719379     0.69989  0.00688862
           6     1.39841    0.632177    0.597327  0.00648055
           6     1.53825    0.472692    0.503941  0.00892012
           6     1.67809    0.383305    0.393289  0.00793503
           6     1.81794    0.287407    0.300091  0.00676808
           6     1.95778    0.210667    0.202817  0.00667075
           6     2.09762    0.133661    0.134566  0.00173066
           6     2.23746   0.0857675   0.0866981  0.00189123
           6      2.3773   0.0536102   0.0523043  0.00158503
           6     2.51714   0.0327973   0.0317048  0.00341468
           6     2.65698   0.0154496   0.0191355  0.00201822
           6     2.79682  0.00573843   0.0105977  0.00133031
           6     2.93666    0.003112  0.00604007  0.00129823
           6     3.07651  0.00267058  0.00303475 0.000617476
           6     3.21635  0.00154496  0.00128379 0.000439403
           6     3.35619 0.000949048 0.000327385 0.000146625
           6     3.49603  0.00108147 0.000389919 0.000177688
           6     3.63587 0.000595914 0.000231744  0.00013583
           6     3.77571           0 0.000154496 0.000141035
           6     3.91555           0 1.10354e-05 1.00739e-05
           6     4.05539           0 1.47139e-05 1.34319e-05
           7           0   0.0120948  0.00978686 0.000887226
           7    0.139841   0.0781751   0.0757315  0.00171852
           7    0.279682    0.197115    0.198105  0.00318408
           7    0.419524    0.352516    0.354055  0.00387532
           7    0.559365    0.497787    0.520463  0.00817763
           7    0.699206     0.67612    0.651388  0.00711335
           7    0.839047    0.754935    0.752775  0.00520887
           7    0.978888    0.785989    0.788536  0.00537919
           7     1.11873    0.738625    0.754153  0.00952991
           7     1.25857    0.717723    0.702438  0.00635819
           7     1.39841     0.62752     0.60164   0.0068412
           7     1.53825    0.490989    0.502091  0.00783537
           7     1.67809    0.392178     0.39313  0.00680304
           7     1.81794     0.28957    0.298588  0.00596575
           7     1.95778    0.210843    0.203963   0.0058155
           7     2.09762    0.160985     0.13834  0.00379601
           7     2.23746   0.0844432    0.086376  0.00164826
           7      2.3773   0.0459075   0.0513905   0.0016005
           7     2.51714   0.0205039   0.0301047  0.00328043
           7     2.65698   0.0109913    0.017972  0.00203784
           7     2.79682  0.00456867  0.00973642  0.00139142
           7     2.93666  0.00139047  0.00537584  0.00127139
           7     3.07651           0  0.00260121 0.000664247
           7     3.21635           0  0.00110039 0.000413136
           7     3.35619           0 0.000280616 0.000132928
           7     3.49603           0 0.000334216 0.000160798
           7     3.63587           0 0.000198638 0.000120393
           7     3.77571           0 0.000132425 0.000122602
           7     3.91555           0 9.45895e-06 8.75729e-06
           7     4.05539           0 1.26119e-05 1.16764e-05
           8           0  0.00823244  0.00959256 0.000797315
           8    0.139841   0.0737609   0.0754852  0.00152125
           8    0.279682    0.208658    0.199424  0.00304709
           8    0.419524     0.38218    0.357571  0.00472362
           8    0.559365    0.515885    0.519891  0.00717542
           8    0.699206    0.645022    0.650592  0.00626853
           8    0.839047    0.711985    0.747676  0.00659704
           8    0.978888    0.739529     0.78241  0.00741547
           8     1.11873    0.816733    0.761976    0.011094
           8     1.25857    0.762571    0.709954  0.00896605
           8     1.39841    0.592449    0.600491  0.00608175
           8     1.53825    0.500149    0.501848  0.00685971
           8     1.67809     0.38591    0.392227  0.00601223
           8     1.81794    0.286259    0.297047   0.0054154
           8     1.95778    0.215081    0.205353  0.00525198
           8     2.09762    0.131145    0.137441   0.0034264
           8     2.23746   0.0805588   0.0856489  0.00159458
           8      2.3773   0.0425748   0.0502885   0.0017389
           8     2.51714   0.0250505   0.0294729  0.00293059
           8     2.65698   0.0143461   0.0175188  0.00183282
           8     2.79682  0.00882836  0.00962291  0.00122212
           8     2.93666  0.00308993   0.0050901  0.00114413
           8     3.07651 0.000971119  0.00239745 0.000611671
           8     3.21635           0 0.000962843 0.000383709
           8     3.35619           0 0.000245539 0.000120852
           8     3.49603           0 0.000292439 0.000146024
           8     3.63587           0 0.000173808 0.000107874
           8     3.77571           0 0.000115872 0.000108389
           8     3.91555           0 8.27658e-06 7.74204e-06
           8     4.05539           0 1.10354e-05 1.03227e-05
           9           0   0.0109913  0.00974798 0.000723713
           9    0.139841   0.0765419   0.0756026  0.00135675
           9    0.279682    0.216008    0.201267  0.00321778
           9    0.419524    0.381871    0.360271  0.00491017
           9    0.559365    0.529061     0.52091  0.00645009
           9    0.699206    0.658816    0.651506  0.00563824
           9    0.839047    0.749881    0.747921  0.00586858
           9    0.978888    0.754979    0.779362  0.00719069
           9     1.11873    0.749461    0.760585  0.00994808
           9     1.25857    0.693799    0.708159  0.00814754
           9     1.39841    0.618802    0.602526  0.00573621
           9     1.53825    0.495977    0.501196  0.00612845
           9     1.67809    0.366818    0.389404  0.00597039
           9     1.81794     0.27134     0.29419  0.00551578
           9     1.95778     0.20186    0.204965  0.00468274
           9     2.09762    0.140459    0.137776  0.00306206
           9     2.23746    0.103203   0.0875994  0.00232181
           9      2.3773   0.0574285   0.0510819  0.00171714
           9     2.51714   0.0344968   0.0300311   0.0026576
           9     2.65698   0.0164428   0.0173992  0.00163307
           9     2.79682  0.00790138  0.00943163  0.00110119
           9     2.93666   0.0057605  0.00516459  0.00101942
           9     3.07651   0.0024278  0.00240082 0.000543717
           9     3.21635  0.00441418  0.00134632 0.000497041
           9     3.35619 0.000551772 0.000279565 0.000112112
           9     3.49603 0.000198638 0.000282017 0.000130171
           9     3.63587 0.000220709 0.000179019 9.60136e-05
           9     3.77571 0.000220709 0.000127521 9.69693e-05
           9     3.91555 0.000353134 4.65941e-05 3.67757e-05
           9     4.05539 0.000684198 8.58313e-05 7.11126e-05
          10           0  0.00776895  0.00955008 0.000677861
          10    0.139841   0.0727677   0.0753191  0.00125034
          10    0.279682    0.199521    0.201092  0.00290073
          10    0.419524    0.365406    0.360784  0.00444592
          10    0.559365    0.509021    0.519721  0.00591364
          10    0.699206    0.615822    0.647937  0.00609997
          10    0.839047    0.739309     0.74706  0.00534455
          10    0.978888    0.804462    0.781872  0.00689577
          10     1.11873     0.79314    0.763841  0.00947097
          10     1.25857    0.726949    0.710038  0.00754634
          10     1.39841    0.623878    0.604661  0.00554578
          10     1.53825    0.479137     0.49899  0.00589925
          10     1.67809    0.372248    0.387688  0.00561445
          10     1.81794    0.286701    0.293441  0.00501479
          10     1.95778    0.203935    0.204862   0.0042156
          10     2.09762    0.149221    0.138921  0.00296203
          10     2.23746   0.0918811   0.0880276  0.00212875
          10      2.3773   0.0510941   0.0510831  0.00154543
          10     2.51714   0.0278976   0.0298178  0.00240039
          10     2.65698   0.0155379   0.0172131  0.00148033
          10     2.79682  0.00858558  0.00934702 0.000994319
          10     2.93666  0.00450246  0.00509838 0.000919628
          10     3.07651  0.00132425  0.00229317 0.000499889
          10     3.21635 0.000308993  0.00124259 0.000458034
          10     3.35619 0.000551772 0.000306785 0.000104153
          10     3.49603           0 0.000253815  0.00012017
          10     3.63587           0 0.000161118 8.80654e-05
          10     3.77571           0 0.000114769 8.81068e-05
          10     3.91555           0 4.19347e-05  3.3392e-05
          10     4.05539           0 7.72481e-05 6.45173e-05
          11           0    0.010263  0.00961488 0.000619327
          11    0.139841   0.0752397   0.0753119  0.00113669
          11    0.279682     0.22349    0.203128  0.00327458
          11    0.419524    0.375867    0.362155  0.00424794
          11    0.559365     0.54994    0.522468  0.00598021
          11    0.699206    0.650297    0.648152   0.0055492
          11    0.839047    0.735799    0.746036  0.00495575
          11    0.978888    0.820309    0.785367  0.00709919
          11     1.11873      0.7454    0.762164  0.00875708
          11     1.25857    0.669278    0.706333  0.00771662
          11     1.39841     0.56614    0.601159  0.00604698
          11     1.53825    0.483551    0.497586  0.00552739
          11     1.67809    0.372093    0.386271  0.00528001
          11     1.81794    0.279153    0.292142  0.00472414
          11     1.95778    0.215544    0.205833  0.00394263
          11     2.09762    0.136773    0.138726  0.00269918
          11     2.23746     0.10029   0.0891423  0.00220791
          11      2.3773   0.0618206   0.0520592  0.00168525
          11     2.51714   0.0362404   0.0304017  0.00225206
          11     2.65698   0.0240793   0.0178373  0.00147149
          11     2.79682  0.00810002  0.00923366 0.000910366
          11     2.93666   0.0043259  0.00502815 0.000838703
          11     3.07651  0.00249401  0.00231142 0.000454778
          11     3.21635  0.00176567  0.00129014 0.000418856
          11     3.35619  0.00271472 0.000525689 0.000229189
          11     3.49603           0 0.000230741 0.000111439
          11     3.63587           0  0.00014647 8.12683e-05
          11     3.77571           0 0.000104335 8.07125e-05
          11     3.91555           0 3.81225e-05 3.05732e-05
          11     4.05539           0 7.02256e-05  5.9033e-05
          12           0    0.010903  0.00972223 0.000576944
          12    0.139841   0.0939779   0.0768674  0.00181759
          12    0.279682    0.230177    0.205383  0.00369698
          12    0.419524    0.387808    0.364293  0.00439906
          12    0.559365    0.573203    0.526696  0.00681443
          12    0.699206    0.684639    0.651193  0.00586089
          12    0.839047    0.736064    0.745205  0.00461192
          12    0.978888    0.747078    0.782176  0.00718897
          12     1.11873    0.721387    0.758766  0.00866156
          12     1.25857    0.672677    0.703528  0.00756612
          12     1.39841    0.604213    0.601413  0.00554842
          12     1.53825    0.493417    0.497239  0.00507769
          12     1.67809    0.393414    0.386866  0.00487345
          12     1.81794    0.263085    0.289721  0.00491199
          12     1.95778    0.186102    0.204189  0.00394207
          12     2.09762    0.128232    0.137851  0.00261206
          12     2.23746   0.0904024   0.0892473  0.00202641
          12      2.3773    0.058841   0.0526244  0.00163683
          12     2.51714   0.0375205   0.0309949   0.0021411
          12     2.65698   0.0139267   0.0175114  0.00138448
          12     2.79682  0.00997604  0.00929552 0.000836601
          12     2.93666  0.00670955  0.00516827 0.000780427
          12     3.07651  0.00231744  0.00231193  0.00041688
          12     3.21635   0.0022733  0.00137207 0.000391882
          12     3.35619 0.000684198 0.000538898  0.00021047
          12     3.49603  0.00024278 0.000231744 0.000102157
          12     3.63587 0.000308993 0.000160014 7.56161e-05
          12     3.77571 0.000331063 0.000123229 7.61658e-05
          12     3.91555 0.000397276 6.80519e-05 4.00818e-05
          12     4.05539 0.000662127 0.000119551 7.18227e-05
          13           0   0.0146109   0.0100983 0.000643555
          13    0.139841   0.0807353   0.0771649  0.00170195
          13    0.279682    0.214441    0.206079  0.00347764
          13    0.419524    0.365119    0.364356  0.00406113
          13    0.559365    0.570466    0.530063  0.00707329
          13    0.699206    0.676936    0.653173  0.00573485
          13    0.839047    0.758952    0.746263   0.0043767
          13    0.978888    0.748115    0.779556  0.00709738
          13     1.11873    0.738823    0.757232     0.00813
          13     1.25857    0.708652    0.703922  0.00699437
          13     1.39841    0.574439    0.599339  0.00549593
          13     1.53825    0.499972    0.497449  0.00469144
          13     1.67809    0.389397    0.387061  0.00450246
          13     1.81794    0.289151    0.289677  0.00453434
          13     1.95778    0.208548    0.204524  0.00365307
          13     2.09762    0.139554    0.137982  0.00241442
          13     2.23746   0.0703841   0.0877963  0.00233289
          13      2.3773   0.0388006    0.051561  0.00182391
          13     2.51714   0.0248077    0.030519  0.00202861
          13     2.65698   0.0139267   0.0172357  0.00130515
          13     2.79682  0.00977741  0.00933259 0.000773068
          13     2.93666  0.00759239  0.00535474 0.000742337
          13     3.07651  0.00567222  0.00257041  0.00045799
          13     3.21635 0.000949048  0.00133953 0.000363086
          13     3.35619 0.000353134 0.000524608 0.000194764
          13     3.49603 0.000794552 0.000275037 0.000103064
          13     3.63587           0 0.000147705 7.07942e-05
          13     3.77571           0  0.00011375 7.08943e-05
          13     3.91555           0 6.28172e-05 3.73389e-05
          13     4.05539           0 0.000110354  6.6884e-05
          14           0   0.0133529   0.0103308 0.000638195
          14    0.139841   0.0800511   0.0773711  0.00159282
          14    0.279682    0.205899    0.206066  0.00322926
          14    0.419524    0.369158    0.364699   0.0037855
          14    0.559365    0.502709    0.528109  0.00683259
          14    0.699206    0.698279    0.656395  0.00616416
          14    0.839047    0.784598    0.749001  0.00484553
          14    0.978888    0.798039    0.780876   0.0067121
          14     1.11873    0.764447    0.757747  0.00756561
          14     1.25857     0.67729     0.70202  0.00674851
          14     1.39841    0.606265    0.599833  0.00512558
          14     1.53825    0.459097     0.49471  0.00509375
          14     1.67809    0.365671    0.385533  0.00443251
          14     1.81794    0.271031    0.288345  0.00440173
          14     1.95778    0.187581    0.203314  0.00358701
          14     2.09762     0.14185    0.138258  0.00225771
          14     2.23746   0.0955449   0.0883498  0.00223095
          14      2.3773   0.0553097   0.0518288  0.00171317
          14     2.51714   0.0354238   0.0308693  0.00191372
          14     2.65698   0.0180319   0.0172925  0.00121316
          14     2.79682   0.0118962  0.00951571 0.000739218
          14     2.93666  0.00478938  0.00531436 0.000690411
          14     3.07651  0.00278093  0.00258545 0.000425524
          14     3.21635  0.00099319  0.00131479 0.000337993
          14     3.35619 0.000662127 0.000534431   0.0001811
          14     3.49603 0.000220709 0.000271157 9.57757e-05
          14     3.63587           0 0.000137155  6.6519e-05
          14     3.77571           0 0.000105625 6.62944e-05
          14     3.91555           0 5.83302e-05 3.49404e-05
          14     4.05539           0 0.000102472 6.25694e-05
          15           0   0.0150744    0.010647 0.000669433
          15    0.139841   0.0937792    0.078465  0.00182397
          15    0.279682    0.213801    0.206582  0.00305486
          15    0.419524    0.367149    0.364863  0.00353666
          15    0.559365    0.486023    0.525303  0.00692925
          15    0.699206    0.618669     0.65388  0.00624526
          15    0.839047    0.763984        0.75   0.0046243
          15    0.978888    0.802233      0.7823  0.00641386
          15     1.11873    0.760408    0.757925  0.00706331
          15     1.25857    0.679916    0.700546   0.0064575
          15     1.39841    0.611496    0.600611  0.00484249
          15     1.53825    0.501473     0.49516  0.00477408
          15     1.67809    0.404317    0.386785  0.00431027
          15     1.81794    0.273083    0.287328  0.00422424
          15     1.95778    0.201353    0.203183  0.00335026
          15     2.09762     0.14686    0.138832   0.0021788
          15     2.23746   0.0919915   0.0885926  0.00209539
          15      2.3773   0.0498361   0.0516959   0.0016041
          15     2.51714   0.0362404   0.0312274  0.00181933
          15     2.65698   0.0164649   0.0172374  0.00113354
          15     2.79682  0.00584879  0.00927125 0.000729239
          15     2.93666  0.00657713  0.00539854 0.000649496
          15     3.07651  0.00315614  0.00262349 0.000398853
          15     3.21635  0.00123597  0.00130954 0.000315501
          15     3.35619           0 0.000498802 0.000172496
          15     3.49603           0  0.00025308 9.10807e-05
          15     3.63587           0 0.000128011 6.27097e-05
          15     3.77571           0 9.85833e-05 6.22476e-05
          15     3.91555           0 5.44415e-05 3.28267e-05
          15     4.05539           0 9.56405e-05 5.87698e-05
          16           0   0.0128232    0.010783 0.000641262
          16    0.139841   0.0887471   0.0791076  0.00181966
          16    0.279682    0.204023    0.206422  0.00286812
          16    0.419524    0.353245    0.364137  0.00338934
          16    0.559365    0.544864    0.526526  0.00660314
          16    0.699206    0.659258    0.654216  0.00586397
          16    0.839047    0.756634    0.750415  0.00435383
          16    0.978888    0.832691    0.785449  0.00674203
          16     1.11873    0.752573     0.75759  0.00662977
          16     1.25857    0.704039    0.700765  0.00605759
          16     1.39841    0.581038    0.599388   0.0046918
          16     1.53825    0.439145    0.491659  0.00561452
          16     1.67809    0.379112    0.386305  0.00406747
          16     1.81794    0.259863    0.285611  0.00429486
          16     1.95778    0.203273    0.203189  0.00314088
          16     2.09762    0.149972    0.139528  0.00215099
          16     2.23746   0.0914618   0.0887719  0.00197208
          16      2.3773   0.0589514   0.0521494  0.00156663
          16     2.51714   0.0325104   0.0313076  0.00170739
          16     2.65698   0.0210556    0.017476  0.00108752
          16     2.79682   0.0135515  0.00953876 0.000731086
          16     2.93666  0.00754825   0.0055329 0.000622644
          16     3.07651  0.00361963  0.00268575 0.000378752
          16     3.21635 0.000971119  0.00128839  0.00029649
          16     3.35619           0 0.000467627 0.000164508
          16     3.49603           0 0.000237262 8.67507e-05
          16     3.63587           0  0.00012001 5.92985e-05
          16     3.77571           0 9.24219e-05 5.86613e-05
          16     3.91555           0 5.10389e-05 3.09509e-05
          16     4.05539           0  8.9663e-05 5.53999e-05
          17           0   0.0155158   0.0110614 0.000661218
          17    0.139841   0.0857233   0.0794968  0.00175375
          17    0.279682    0.201882    0.206155  0.00271181
          17    0.419524     0.34989    0.363299  0.00329194
          17    0.559365    0.536256    0.527098  0.00623948
          17    0.699206    0.681042    0.655794  0.00572741
          17    0.839047     0.74231    0.749938  0.00412374
          17    0.978888    0.784929    0.785419  0.00634551
          17     1.11873    0.744231    0.756804  0.00628619
          17     1.25857    0.693754    0.700352  0.00571528
          17     1.39841    0.629065    0.601133  0.00472944
          17     1.53825    0.491497     0.49165  0.00528426
          17     1.67809    0.380988    0.385993  0.00384022
          17     1.81794    0.283765    0.285503  0.00404359
          17     1.95778    0.191951    0.202528  0.00302489
          17     2.09762    0.142821    0.139722  0.00203317
          17     2.23746   0.0869593   0.0886653  0.00185896
          17      2.3773   0.0478938   0.0518991  0.00149434
          17     2.51714   0.0311862   0.0313004  0.00160697
          17     2.65698   0.0137281   0.0172555  0.00104566
          17     2.79682  0.00719511   0.0094009 0.000700959
          17     2.93666  0.00437004  0.00546449 0.000589763
          17     3.07651    0.002803  0.00269265 0.000356535
          17     3.21635 0.000794552  0.00125934 0.000280469
          17     3.35619 0.000419347 0.000464787 0.000154856
          17     3.49603           0 0.000223306 8.27628e-05
          17     3.63587           0 0.000112951  5.6229e-05
          17     3.77571           0 8.69853e-05  5.5462e-05
          17     3.91555           0 4.80367e-05 2.92755e-05
          17     4.05539           0 8.43887e-05 5.23915e-05
          18           0    0.015869   0.0113285 0.000676278
          18    0.139841   0.0883719   0.0799898  0.00172423
          18    0.279682    0.229581    0.207457  0.00285643
          18    0.419524    0.373749    0.363879  0.00315984
          18    0.559365    0.530673    0.527297    0.005896
          18    0.699206    0.698853    0.658186  0.00588763
          18    0.839047    0.758886    0.750435  0.00392449
          18    0.978888     0.75968    0.783989  0.00615198
          18     1.11873     0.75328    0.756609  0.00594001
          18     1.25857    0.680203    0.699233   0.0055063
          18     1.39841      0.5898    0.600504  0.00450841
          18     1.53825    0.473862    0.490662  0.00508225
          18     1.67809    0.354436     0.38424  0.00400711
          18     1.81794    0.281294    0.285269   0.0038257
          18     1.95778    0.201618    0.202477  0.00285726
          18     2.09762    0.132823    0.139338  0.00195601
          18     2.23746    0.100952   0.0893479  0.00187683
          18      2.3773   0.0520211   0.0519058  0.00141134
          18     2.51714   0.0300606   0.0312315  0.00151917
          18     2.65698    0.018694   0.0173355 0.000990617
          18     2.79682  0.00984362   0.0094255 0.000662448
          18     2.93666  0.00516459  0.00544783 0.000557234
          18     3.07651  0.00450246  0.00279319 0.000350619
          18     3.21635  0.00222916  0.00131322 0.000270013
          18     3.35619  0.00150082 0.000522344 0.000156584
          18     3.49603  0.00178774 0.000310219 0.000115083
          18     3.63587 0.000551772  0.00013733 5.81504e-05
          18     3.77571 0.000684198 0.000120164 6.15093e-05
          18     3.91555           0 4.53679e-05 2.77704e-05
          18     4.05539           0 7.97004e-05 4.96902e-05
          19           0   0.0106161    0.011291 0.000641723
          19    0.139841   0.0749307   0.0797236  0.00165392
          19    0.279682    0.196056    0.206857   0.0027684
          19    0.419524    0.378163    0.364631  0.00308166
          19    0.559365    0.505821    0.526167    0.005693
          19    0.699206     0.65705    0.658126  0.00557806
          19    0.839047    0.736395    0.749696  0.00378687
          19    0.978888    0.787644    0.784181   0.0058312
          19     1.11873    0.775218    0.757588  0.00570755
          19     1.25857    0.716024    0.700117  0.00528694
          19     1.39841    0.619905    0.601525  0.00438524
          19     1.53825    0.488054    0.490524  0.00481662
          19     1.67809    0.376198    0.383816  0.00381849
          19     1.81794    0.278491    0.284912  0.00364094
          19     1.95778     0.20228    0.202467   0.0027069
          19     2.09762    0.142975     0.13953   0.0018624
          19     2.23746   0.0792566   0.0888168  0.00185168
          19      2.3773   0.0517342   0.0518968  0.00133709
          19     2.51714   0.0360197   0.0314835  0.00145997
          19     2.65698   0.0201728   0.0174848 0.000949668
          19     2.79682  0.00869593   0.0093871 0.000628694
          19     2.93666  0.00359756  0.00535045 0.000536348
          19     3.07651   0.0018981  0.00274608 0.000335315
          19     3.21635  0.00116976  0.00130567 0.000255907
          19     3.35619  0.00203052 0.000601722 0.000167257
          19     3.49603 0.000573843 0.000324094 0.000109859
          19     3.63587           0 0.000130102 5.55373e-05
          19     3.77571           0 0.000113839 5.85962e-05
          19     3.91555           0 4.29802e-05 2.64113e-05
          19     4.05539           0 7.55057e-05 4.72516e-05
          20           0   0.0139267   0.0114228 0.000623022
          20    0.139841   0.0960746   0.0805411  0.00176173
          20    0.279682    0.230442    0.208036  0.00287019
          20    0.419524    0.386792    0.365739  0.00312044
          20    0.559365    0.544334    0.527075  0.00548035
          20    0.699206    0.623988    0.656419  0.00555418
          20    0.839047    0.738007    0.749111  0.00364235
          20    0.978888     0.75542    0.782743  0.00571421
          20     1.11873    0.749881    0.757203  0.00543517
          20     1.25857    0.693357    0.699779  0.00503338
          20     1.39841    0.600284    0.601463  0.00416642
          20     1.53825    0.493814    0.490689   0.0045786
          20     1.67809     0.38421    0.383836  0.00362762
          20     1.81794    0.292373    0.285285  0.00347796
          20     1.95778     0.20356    0.202521   0.0025721
          20     2.09762    0.142468    0.139677  0.00177506
          20     2.23746   0.0944634   0.0890991  0.00178049
          20      2.3773   0.0466579   0.0516349  0.00129564
          20     2.51714   0.0254036   0.0311796  0.00141826
          20     2.65698   0.0189589   0.0175585  0.00090504
          20     2.79682  0.00730547  0.00928302 0.000605814
          20     2.93666  0.00512045  0.00533895 0.000509653
          20     3.07651  0.00244987  0.00273127 0.000318876
          20     3.21635 0.000838694  0.00128232 0.000244175
          20     3.35619 0.000463489 0.000594811 0.000159037
          20     3.49603 0.000375205 0.000326649 0.000104396
          20     3.63587           0 0.000123597   5.314e-05
          20     3.77571           0 0.000108147 5.59422e-05
          20     3.91555           0 4.08312e-05  2.5178e-05
          20     4.05539           0 7.17304e-05 4.50396e-05
