Generation Loss_Best Loss_Average_Half
0 43000.5 47548.6
1 40970.7 45652.2
2 39076.5 43933.6
3 38181.8 42587.9
4 36421 41012.7
5 35571.1 39585.3
6 35328.1 38021.7
7 34367.7 36743.1
8 33375.4 35752.4
9 32739 34930.2
10 32060 34129.3
11 31271.1 33378.2
12 30824.3 32706.1
13 30193 32079.3
14 29584.1 31529.1
15 29183.6 30943
16 27719.2 30360.4
17 27456.1 30016.2
18 27162 29484.9
19 26599.7 28676.1
20 26187.3 27746.9
21 25401.2 27149.7
22 25141.7 26780.7
23 25027.1 26203.5
24 24116.7 25698
25 23998.9 25272.6
26 23437 24780.3
27 23205 24405.2
28 22980.1 23999.2
29 22548 23616.1
30 22357.8 23236.4
31 22232.3 22979.1
32 21836.8 22635.7
33 21586.7 22474.3
34 21531.7 22304.8
35 21080.1 22024.3
36 20938.4 21841.8
37 20938.4 21631.2
38 20852.5 21413.1
39 20586.8 21240.6
40 20435.3 21122.6
41 20269.2 21004.9
42 20011.3 20747.3
43 19713.6 20538.1
44 19585.9 20298.2
45 19355.7 20086.5
46 17823.8 19871
47 17688.7 19713.2
48 17688.7 19448.8
49 17514.3 18884.9
50 17276 18301.7
51 17058.8 18001.6
52 17057.7 17836.7
53 16791.3 17656.5
54 16699.1 17447.4
55 16538.7 17281.4
56 16211.6 17098.7
57 16211.6 16923.6
58 16162.3 16815.7
59 16162.3 16683.5
60 15796.3 16505.1
61 15445.9 16371
62 15236.5 16236.7
63 15235.5 16111.3
64 15068.8 15859.4
65 15034 15657.2
66 14819.2 15400.5
67 14512.8 15221.7
68 14104.4 15077.7
69 14104.4 14862.7
70 13993.8 14652.5
71 13942.8 14414.5
72 13876.5 14273.1
73 13424.4 14197.6
74 13381.1 14115.5
75 13180.4 14014.9
76 13180.4 13882.2
77 13152.3 13805.3
78 13003.4 13608.6
79 12994.7 13459.2
80 12978.5 13371.8
81 12814.8 13287
82 12788.9 13162.4
83 12787.9 13040.1
84 12695.8 12964.7
85 12644.3 12884.9
86 12597.5 12867.5
87 12481.2 12828.1
88 12423.3 12808.3
89 12371.8 12703.3
90 12328.4 12626.6
91 12212.3 12558.8
92 12117.4 12458.2
93 12107.8 12388.7
94 12093.8 12353.3
95 11989.5 12297.4
96 11965.9 12269.3
97 11906.5 12205.9
98 11906.5 12172.1
99 11896.8 12107.5
100 11839.6 12121.2
101 11683.2 12014.4
102 11602.7 11945.2
103 11602.7 11872.5
104 11570.2 11797
105 11467.1 11736.2
106 11152.2 11723.1
107 10948.4 11730.1
108 10815.4 11644.5
109 10805.2 11375
110 10805.2 11222.8
111 10720 11108.8
112 10592.2 10952.4
113 10496.7 10861.6
114 10451.3 10858
115 10383.1 10721.2
116 10329.6 10639.7
117 10319.4 10551.4
118 10205.8 10474.1
119 10197.7 10447.8
120 10197.7 10391.9
121 9672.55 10351.8
122 9672.55 10369.6
123 9645.56 10272.9
124 9614.8 10145.9
125 9587.81 9899.53
126 9533.3 9794.42
127 9411.35 9738.62
128 9387.08 9705.11
129 9387.08 9644.39
130 9344.96 9593.44
131 9335.05 9566.76
132 9335.05 9544.63
133 9299.77 9515.39
134 9259.17 9562.53
135 9255.66 9526.29
136 8845.69 9557.96
137 8722.49 9483.2
138 8682.78 9335.59
139 8632.99 9146.72
140 8609.85 9002.73
141 8605.17 8842.5
142 8605.17 8784.35
143 8605.17 8787.01
144 8530.74 8732.94
145 8508.35 8695.46
146 8508.35 8701.31
147 8508.35 8679.89
148 8427.88 8651.07
149 8427.88 8590.06
150 8427.88 8597.54
151 8337.85 8587.6
152 8274.69 8634.21
153 8224.91 8589.35
154 8224.91 8620.47
155 8198.41 8571.23
156 8198.41 8518.87
157 8198.41 8403.79
158 8174.01 8339.48
159 8153.11 8318.16
160 8153.11 8270.56
161 8153.11 8225.52
162 8128.71 8248.94
163 8084.85 8260.87
164 8084.85 8236.37
165 8084.85 8175.18
166 8084.85 8154.78
167 8084.85 8168.98
168 8084.85 8133.89
169 8084.85 8160.62
170 8084.85 8193.14
171 8062.97 8153.04
172 8044.97 8171.57
173 8019.85 8202.09
174 7979.97 8157.47
175 7964.94 8098.83
176 7944.44 8078.34
177 7929.41 8056.24
178 7929.41 8028.38
179 7929.41 8010.56
180 7929.41 8080.59
181 7929.41 8056.97
182 7879.42 8052.44
183 7879.42 7974.43
184 7879.42 8023.33
185 7879.42 7959.16
186 7879.42 7964.26
187 7879.42 7921.01
188 7742.85 7919.86
189 7742.85 8034.84
190 7742.85 8161.62
191 7742.85 8425.31
192 7742.85 8495.47
193 7742.85 8408.21
194 7742.85 8201.96
195 7724.56 8076.76
196 7604.39 8002.88
197 7604.39 8189.03
198 7604.39 8203.78
199 7604.39 8239.56
200 7604.39 8105.36
201 7604.39 7938.98
202 7604.39 7844.77
203 7604.39 7752.11
204 7604.39 7651.16
205 7577.09 7670.69
206 7577.09 7795.9
207 7577.09 7894.84
208 7574 8066.57
209 7574 8262.25
210 7466.72 8229.75
211 7456.94 8019.43
212 7456.94 8148.21
213 7456.94 8261.94
214 7456.94 8031.13
215 7456.94 7846.81
216 7456.94 7746.17
217 7456.62 7647.65
218 7456.62 7612
219 7456.62 7564.7
220 7456.62 7526.05
221 7456.62 7508.92
222 7450.5 7529.92
223 7448.94 7520.78
224 7448.94 7577.65
225 7448.94 7572.52
226 6993.85 7597.91
227 6993.85 7708.81
228 6993.85 7807.72
229 6993.85 7772.86
230 6993.85 7564.09
231 6983.39 7331.77
232 6983.39 7139.02
233 6979.12 7160.16
234 6979.12 7058.6
235 6914.47 7070.2
236 6914.47 7059.65
237 6914.47 7000.38
238 6914.47 6993.66
239 6914.47 6987.62
240 6914.47 6958.23
241 6846.41 6970.77
242 6846.41 7040.23
243 6835.03 7003.63
244 6835.03 6964.59
245 6835.03 6955.79
246 6835.03 6944.4
247 6835.03 6938.13
248 6833.13 6903.46
249 6831.2 6878.29
250 6829.3 6890.29
251 6829.3 6918.8
252 6829.3 6918.87
253 6829.3 6921.81
254 6829.3 6917.4
255 6829.3 6973.01
256 6826.19 6899.6
257 6822.36 6903.07
258 6822.36 6877.49
259 6803.96 6895.71
260 6803.96 6884.17
261 6803.96 6876.41
262 6803.96 6906.7
263 6803.96 6894.51
264 6803.96 6926.29
265 6803.96 6851.43
266 6803.96 6873.66
267 6803.96 6864.49
268 6797.84 6907.35
269 6795.9 6841.58
270 6795.9 6864.21
271 6728.96 6877.16
272 6728.96 6829.62
273 6722.84 6838.17
274 6707.37 6796.33
275 6707.37 6807.16
276 6703.54 6788.83
277 6695.48 6815.76
278 6695.48 6825.04
279 6695.48 6830.77
280 6695.48 6765.49
281 6695.48 6774.14
282 6695.48 6800.72
283 6695.48 6768.29
284 6695.48 6755.45
285 6695.48 6777.39
286 6677.44 6790.18
287 6677.44 6783.77
288 6677.44 6775.16
289 6677.44 6737.27
290 6677.44 6710.62
291 6677.44 6754.08
292 6677.44 6725.66
293 6677.44 6751.74
294 6677.44 6786.7
295 6677.44 6762.39
296 6677.44 6813.27
297 6677.44 6811.12
298 6677.44 6776.71
299 6677.44 6734.56
300 6677.44 6737.46
301 6677.44 6704.64
302 6677.44 6723.88
303 6677.44 6714.16
304 6677.44 6715.26
305 6677.44 6713.52
306 6677.44 6704.76
307 6677.44 6747.93
308 6677.44 6773.63
309 6677.44 6753.83
310 6677.44 6730.68
311 6677.44 6705.67
312 6675.3 6707.61
313 6618.5 6734.2
314 6618.5 6765.33
315 6618.5 6803.9
316 6618.5 6860.43
317 6618.5 6881.77
318 6618.5 6813.24
319 6618.5 6768.29
320 6618.5 6700.74
321 6618.5 6708.34
322 6618.5 6738.08
323 6618.5 6922.13
324 6618.5 7150.04
325 6618.5 7379.28
326 6618.5 7291.58
327 6618.5 7144.31
328 6618.5 6996.68
329 6618.5 6875.08
330 6618.5 6768.21
331 6596.24 6818.25
332 6596.24 6991.15
333 6596.24 7222.37
334 6596.24 7284.21
335 6596.24 7206.62
336 6596.24 7057.02
337 6596.24 6835.78
338 6596.24 6801.25
339 6596.24 6766.53
340 6596.24 6693.53
341 6596.24 6687.63
342 6596.24 6682.05
343 6596.24 6660.01
344 6596.24 6661.5
345 6596.24 6687.36
346 6566.25 6780.7
347 6566.25 6931.02
348 6566.25 7098.03
349 6566.25 7212.44
350 6566.25 7183.18
351 6566.25 7032.76
352 6566.25 6961.88
353 6566.25 6836.79
354 6566.25 6741.64
355 6566.25 6734.06
356 6566.25 6733.84
357 6566.25 6708.05
358 6566.25 6679.43
359 6566.25 6660.64
360 6566.25 6675.24
361 6363.43 6667.34
362 6363.43 6583.67
363 6363.43 6525.26
364 6363.43 6532.47
365 6363.43 6475.15
366 6363.43 6483.51
367 6363.43 6457.07
368 6363.43 6446.45
369 6363.43 6457.25
370 6363.43 6414.21
371 6363.43 6411.32
372 6363.43 6428.37
373 6363.43 6444.72
374 6363.43 6411.22
375 6363.43 6396.21
376 6352.88 6410.05
377 6352.88 6414.64
378 6352.88 6428.41
379 6352.88 6444.94
380 6352.88 6434.23
381 6352.88 6424.6
382 6323.87 6408.82
383 6323.87 6426.55
384 6293.94 6454.46
385 6293.94 6466.79
386 6293.94 6508.14
387 6293.94 6544.2
388 6293.94 6536.85
389 6293.94 6442.67
390 6293.94 6425.57
391 6293.94 6426.35
392 6293.94 6381.92
393 6293.94 6353.41
394 6293.94 6325.22
395 6293.94 6342.04
396 6293.94 6330.84
397 6293.94 6327.72
398 6293.94 6376.66
399 6293.94 6325.46
400 6293.94 6325.76
401 6293.94 6340.32
402 6261.95 6317.01
403 6261.95 6344.97
404 6261.95 6320.74
405 6261.95 6339.15
406 6261.95 6335.76
407 6261.95 6354.88
408 6261.95 6343.6
409 6261.95 6336.28
410 6261.95 6305.75
411 6261.95 6346.39
412 6261.95 6329.15
413 6261.95 6353.99
414 6261.95 6311.22
415 6261.95 6329.81
416 6261.95 6355.88
417 6261.95 6351.95
418 6261.95 6314.3
419 6261.95 6314.31
420 6261.95 6307.11
421 6240.17 6324.21
422 6240.17 6350.32
423 6240.17 6395.65
424 6240.17 6342.68
425 6240.17 6333.31
426 6240.17 6342.44
427 6240.17 6292.1
428 6240.17 6327.29
429 6240.17 6325.67
430 6240.17 6310.76
431 6240.17 6302.82
432 6240.17 6293.95
433 6240.17 6306.22
434 6240.17 6293.94
435 6240.17 6293.84
436 6232.5 6275.19
437 6232.5 6296.05
438 6232.5 6285.95
439 6232.5 6284.81
440 6232.5 6263.99
441 6232.5 6285.81
442 6232.5 6300.18
443 6232.5 6289.81
444 6232.5 6280.24
445 6232.5 6325.59
446 6232.5 6316.01
447 6232.5 6266.25
448 6232.5 6281.11
449 6232.5 6298.76
450 6232.5 6312.98
451 6222.59 6332.81
452 6222.59 6311.75
453 6222.59 6296.2
454 6222.59 6250.56
455 6222.59 6275.52
456 6222.59 6297.08
457 6222.59 6318.26
458 6222.59 6311.3
459 6222.59 6321.91
460 6222.59 6306.11
461 6222.59 6281.16
462 6222.59 6301.85
463 6222.59 6292.11
464 6222.59 6316.57
465 6222.59 6295.14
466 6222.59 6266.29
467 6222.59 6247.13
468 6222.59 6273.22
469 6222.59 6283.14
470 6222.59 6300.87
471 6222.59 6271.35
472 6222.59 6255.67
473 6222.59 6273.53
474 6222.59 6273.47
475 6222.59 6269.31
476 6222.59 6273.65
477 6222.59 6283.73
478 6222.59 6312.09
479 6222.59 6273.03
480 6222.59 6305.65
481 6222.59 6282.37
482 6222.59 6306.27
483 6222.59 6277.65
484 6222.59 6258
485 6222.59 6280.42
486 6222.59 6284.99
487 6222.59 6322.5
488 6222.59 6284.25
489 6222.59 6286.49
490 6222.59 6296.97
491 6222.59 6290.42
492 6222.59 6290.47
493 6222.59 6277.63
494 6222.59 6270.54
495 6222.59 6285.43
496 6222.59 6267.82
497 6222.59 6260.88
498 6222.59 6263.94
499 6222.59 6286.08
500 6222.59 6291.76
501 6222.59 6294.46
502 6222.59 6294.42
503 6222.59 6320.55
504 6222.59 6334.74
505 6222.59 6320.99
506 6222.59 6301.21
507 6222.59 6309.89
508 6222.59 6316.38
509 6222.59 6313.91
510 6222.59 6290.27
511 6222.59 6315.28
512 6222.59 6311.88
513 6222.59 6307.84
514 6222.59 6283.74
515 6222.59 6254.04
516 6222.59 6312.27
517 6222.59 6308.42
518 6222.59 6289.09
519 6222.59 6283.65
520 6222.59 6255.02
521 6222.59 6277.11
522 6222.59 6307
523 6222.59 6328.62
524 6222.59 6294.25
525 6222.59 6306.25
526 6222.59 6333.58
527 6222.59 6288.43
528 6222.59 6315.56
529 6222.59 6274.74
530 6222.59 6277.44
531 6222.59 6274.85
532 6222.59 6282.29
533 6222.59 6309.86
534 6222.59 6272.64
535 6222.59 6272.51
536 6222.59 6303.46
537 6222.59 6315.21
538 6222.59 6292.81
539 6222.59 6324.1
540 6222.59 6329.11
541 6222.59 6289.93
542 6222.59 6267.13
543 6222.59 6243.57
544 6222.59 6276.31
545 6222.59 6255.88
546 6222.59 6283.57
547 6222.59 6278.02
548 6222.59 6276.47
549 6222.59 6270.27
550 6222.59 6274.58
551 6222.59 6254.88
552 6222.59 6251.37
553 6222.59 6268.77
554 6222.59 6272.13
555 6222.59 6276.24
556 6222.59 6300.56
557 6222.59 6310.45
558 6222.59 6293.08
559 6222.59 6289.2
560 6222.59 6279.52
561 6222.59 6291.37
562 6222.59 6282.61
563 6222.59 6354.65
564 6222.59 6341.05
565 6222.59 6300.13
566 6222.59 6326.77
567 6222.59 6296.42
568 6222.59 6301.64
569 6222.59 6267.6
570 6222.59 6280.22
571 6222.59 6297.65
572 6222.59 6294.64
573 6222.59 6244.77
574 6222.59 6282.06
575 6222.59 6294.82
576 6222.59 6311.46
577 6222.59 6254.21
578 6222.59 6258.35
579 6222.59 6256.32
580 6222.59 6277.14
581 6222.59 6276.78
582 6222.59 6262.12
583 6222.59 6289.65
584 6222.59 6278.38
585 6222.59 6246.92
586 6222.59 6249.9
587 6222.59 6267.05
588 6222.59 6285.3
589 6222.59 6260.93
590 6222.59 6266.28
591 6222.59 6302
592 6222.59 6286.05
593 6222.59 6273.01
594 6222.59 6265.95
595 6222.59 6260.24
596 6222.59 6288.24
597 6222.59 6317.13
598 6222.59 6284.84
599 6222.59 6293.42
600 6222.59 6325.44
601 6222.59 6300.85
602 6222.59 6305.21
603 6222.59 6283.24
604 6222.59 6354.76
605 6222.59 6312.94
606 6222.59 6282.81
607 6222.59 6274.09
608 6222.59 6296.12
609 6222.59 6266.71
610 6222.59 6300.3
611 6222.59 6305.35
612 6222.59 6310.74
613 6222.59 6314.5
614 6222.59 6314.93
615 6222.59 6276.85
616 6222.59 6270.05
617 6222.59 6312.1
618 6222.59 6305.65
619 6222.59 6281.39
620 6222.59 6285.3
621 6222.59 6271.55
622 6222.59 6275.71
623 6222.59 6275.51
624 6222.59 6310.27
625 6222.59 6277.27
626 6222.59 6257.96
627 6222.59 6281.64
628 6222.59 6320.01
629 6222.59 6296.54
630 6222.59 6308.94
631 6222.59 6326.66
632 6222.59 6276.82
633 6222.59 6261.64
634 6222.59 6260.03
635 6222.59 6289.68
636 6222.59 6281.54
637 6222.59 6334.34
638 6222.59 6291.28
639 6222.59 6272.31
640 6222.59 6251.41
641 6222.59 6240.91
642 6222.59 6252.06
643 6222.59 6249.11
644 6222.59 6289.28
645 6222.59 6275.38
646 6222.59 6278.26
647 6222.59 6277.68
648 6222.59 6259.46
649 6222.59 6262.35
650 6222.59 6266.1
651 6222.59 6277.2
652 6222.59 6279.25
653 6222.59 6326.99
654 6222.59 6309.2
655 6222.59 6333.41
656 6222.59 6302.39
657 6222.59 6304.66
658 6222.59 6274.94
659 6222.59 6291.04
660 6222.59 6268.99
661 6222.59 6265.96
662 6222.59 6284.81
663 6222.59 6303.11
664 6222.59 6271.42
665 6222.59 6281.2
666 6222.59 6262.95
667 6222.59 6263.74
668 6222.59 6262.75
669 6222.59 6319.03
670 6222.59 6321.21
671 6222.59 6308.99
672 6222.59 6315.57
673 6222.59 6292.95
674 6222.59 6313.26
675 6222.59 6281.36
676 6222.59 6276.88
677 6222.59 6283.49
678 6222.59 6283.52
679 6222.59 6297.25
680 6222.59 6312.13
681 6222.59 6297.54
682 6222.59 6282.61
683 6222.59 6296.67
684 6222.59 6312.63
685 6222.59 6289.01
686 6222.59 6303.38
687 6222.59 6287.43
688 6222.59 6303.19
689 6222.59 6262.74
690 6222.59 6267.52
691 6222.59 6265.16
692 6222.59 6304.64
693 6222.59 6322.5
694 6222.59 6321.22
695 6222.59 6283.2
696 6222.59 6290.77
697 6222.59 6282.38
698 6222.59 6306.76
699 6222.59 6322.27
700 6222.59 6288.85
701 6222.59 6318.68
702 6222.59 6274.6
703 6222.59 6304.25
704 6222.59 6315.86
705 6222.59 6357.5
706 6222.59 6298.63
707 6222.59 6250.55
708 6222.59 6315.23
709 6222.59 6352.65
710 6222.59 6369.73
711 6222.59 6294.94
712 6222.59 6247.71
713 6222.59 6252.12
714 6222.59 6248.99
715 6222.59 6237.85
716 6222.59 6262.87
717 6222.59 6274.59
718 6222.59 6267.35
719 6222.59 6284.33
720 6222.59 6251.87
721 6222.59 6251.3
722 6222.59 6299.12
723 6222.59 6271.84
724 6222.59 6285.06
725 6222.59 6308.59
726 6222.59 6291.89
727 6222.59 6271.5
728 6222.59 6258.97
729 6222.59 6245.81
730 6222.59 6256.45
731 6222.59 6269.52
732 6222.59 6263.38
733 6222.59 6262.03
734 6222.59 6244.25
735 6222.59 6269.27
736 6222.59 6289.51
737 6222.59 6287.55
738 6222.59 6278.46
739 6222.59 6262.68
740 6222.59 6248.74
741 6222.59 6301.55
742 6222.59 6312.91
743 6222.59 6318.8
744 6222.59 6310.97
745 6222.59 6331.24
746 6222.59 6297.93
747 6222.59 6269.12
748 6222.59 6279.83
749 6222.59 6252.83
750 6222.59 6256.82
751 6222.59 6270.7
752 6222.59 6269.41
753 6222.59 6281.13
754 6222.59 6347.06
755 6222.59 6385.56
756 6222.59 6348.88
757 6222.59 6299.73
758 6222.59 6307.72
759 6222.59 6276.04
760 6222.59 6305.7
761 6222.59 6304.91
762 6222.59 6241.43
763 6222.59 6257.02
764 6222.59 6256.75
765 6222.59 6265.66
766 6222.59 6267.78
767 6222.59 6273.5
768 6222.59 6271.06
769 6222.59 6316.93
770 6222.59 6328.31
771 6222.59 6323.78
772 6222.59 6278.09
773 6222.59 6258.24
774 6222.59 6282.98
775 6222.59 6298.98
776 6222.59 6281.36
777 6222.59 6245.7
778 6222.59 6267.17
779 6222.59 6277.84
780 6222.59 6290.14
781 6222.59 6281.97
782 6222.59 6281.64
783 6222.59 6262.75
784 6222.59 6267.87
785 6222.59 6256.23
786 6222.59 6259.51
787 6222.59 6282.85
788 6222.59 6261.68
789 6222.59 6260.07
790 6222.59 6257.27
791 6222.59 6264.75
792 6222.59 6303.41
793 6222.59 6287.21
794 6222.59 6290.12
795 6222.59 6321.58
796 6222.59 6297.32
797 6222.59 6282.63
798 6222.59 6260.63
799 6222.59 6292.49
800 6222.59 6321.35
801 6222.59 6311.2
802 6222.59 6317.18
803 6222.59 6313.06
804 6222.59 6297.29
805 6222.59 6310.01
806 6222.59 6308.65
807 6222.59 6315.13
808 6222.59 6282.49
809 6222.59 6257.73
810 6222.59 6261.36
811 6222.59 6296.11
812 6222.59 6254.95
813 6222.59 6263.87
814 6222.59 6260.96
815 6222.59 6290.69
816 6222.59 6311.29
817 6222.59 6308.26
818 6222.59 6291.41
819 6222.59 6262.39
820 6222.59 6289.36
821 6222.59 6302.07
822 6222.59 6282.68
823 6222.59 6300.96
824 6222.59 6306.45
825 6222.59 6335.72
826 6222.59 6315.57
827 6222.59 6337.27
828 6222.59 6301.88
829 6222.59 6325.91
830 6222.59 6309.47
831 6222.59 6326.12
832 6222.59 6322.12
833 6222.59 6317.07
834 6222.59 6287.39
835 6222.59 6305.6
836 6222.59 6310.91
837 6222.59 6277.32
838 6222.59 6306.19
839 6222.59 6303.76
840 6222.59 6294.12
841 6222.59 6285.61
842 6222.59 6316.26
843 6222.59 6283.89
844 6222.59 6287.86
845 6222.59 6267.71
846 6222.59 6279.42
847 6222.59 6294.6
848 6222.59 6296.33
849 6222.59 6300.61
850 6222.59 6303.97
851 6222.59 6285.2
852 6222.59 6319.57
853 6222.59 6283.88
854 6222.59 6268.32
855 6222.59 6284.05
856 6222.59 6260.89
857 6222.59 6277.82
858 6222.59 6280.86
859 6222.59 6325.72
860 6222.59 6306.57
861 6222.59 6313.99
862 6222.59 6264.55
863 6222.59 6269.04
864 6222.59 6266.02
865 6222.59 6297.34
866 6222.59 6277.68
867 6222.59 6287.72
868 6222.59 6311.58
869 6222.59 6289.37
870 6222.59 6305.48
871 6222.59 6283.93
872 6222.59 6278.47
873 6222.59 6258.14
874 6222.59 6256.86
875 6222.59 6283.55
876 6222.59 6283.2
877 6222.59 6269.3
878 6222.59 6259.83
879 6222.59 6274.28
880 6222.59 6314.39
881 6222.59 6310.98
882 6222.59 6338.61
883 6222.59 6330.82
884 6222.59 6321.03
885 6222.59 6283.73
886 6222.59 6279.63
887 6222.59 6264.97
888 6222.59 6288.65
889 6222.59 6320.37
890 6222.59 6341.46
891 6222.59 6330.98
892 6222.59 6333.88
893 6222.59 6303.24
894 6222.59 6324.44
895 6222.59 6296.23
896 6222.59 6301.77
897 6222.59 6313.56
898 6222.59 6323.87
899 6222.59 6308.4
900 6222.59 6310.16
901 6222.59 6302.7
902 6222.59 6262.47
903 6222.59 6249.97
904 6222.59 6249.12
905 6222.59 6236.84
906 6222.59 6279.99
907 6222.59 6270.6
908 6222.59 6276.6
909 6222.59 6304.94
910 6222.59 6288.35
911 6222.59 6300.41
912 6222.59 6284.29
913 6222.59 6296.32
914 6222.59 6296.68
915 6222.59 6315.23
916 6222.59 6280.54
917 6222.59 6261.54
918 6222.59 6264.69
919 6222.59 6300.12
920 6222.59 6308.7
921 6222.59 6277.65
922 6222.59 6285.99
923 6222.59 6250.44
924 6222.59 6267.84
925 6222.59 6294.98
926 6222.59 6258.31
927 6222.59 6320.83
928 6222.59 6300.53
929 6222.59 6283.76
930 6222.59 6319.28
931 6222.59 6326.29
932 6222.59 6312.71
933 6222.59 6268.97
934 6222.59 6274.62
935 6222.59 6268.44
936 6222.59 6293.06
937 6222.59 6287.92
938 6222.59 6328.12
939 6222.59 6284.08
940 6222.59 6296.79
941 6222.59 6297.11
942 6222.59 6278.27
943 6222.59 6312.23
944 6222.59 6314.11
945 6222.59 6332.47
946 6222.59 6323.31
947 6222.59 6314.68
948 6222.59 6378.39
949 6222.59 6386.37
950 6222.59 6344.14
951 6222.59 6285.35
952 6222.59 6266.7
953 6222.59 6297.05
954 6222.59 6299.57
955 6222.59 6317.89
956 6222.59 6290.72
957 6222.59 6310.51
958 6222.59 6305.37
959 6222.59 6295.4
960 6222.59 6284.58
961 6222.59 6288.12
962 6222.59 6309.22
963 6222.59 6274.84
964 6222.59 6321.19
965 6222.59 6299.87
966 6222.59 6306.26
967 6222.59 6292.17
968 6222.59 6321.3
969 6222.59 6325.1
970 6222.59 6301.32
971 6222.59 6305.92
972 6222.59 6289.13
973 6222.59 6281.75
974 6222.59 6302.96
975 6222.59 6286.71
976 6222.59 6273.91
977 6222.59 6293.34
978 6222.59 6271.26
979 6222.59 6265.18
980 6222.59 6286.68
981 6222.59 6286.62
982 6222.59 6300.17
983 6222.59 6266.88
984 6222.59 6274.17
985 6222.59 6275.76
986 6222.59 6257.76
987 6222.59 6264.26
988 6222.59 6255.39
989 6222.59 6279.57
990 6222.59 6296.24
991 6222.59 6282.74
992 6222.59 6280.51
993 6222.59 6276.22
994 6222.59 6298.48
995 6222.59 6296.81
996 6222.59 6290.3
997 6222.59 6274.63
998 6222.59 6279.02
999 6222.59 6290.17
1000 6222.59 6296.46
