Generation Loss_Best Loss_Average_Half
0 42000.3 47679
1 40829.5 45673.4
2 39151.6 43776.9
3 37497.5 42088.6
4 36702.1 40344.4
5 35787.7 38776.9
6 34511.2 37350.8
7 33498.3 36238.3
8 32924.5 35134.2
9 32093.5 34212.1
10 31817 33471.2
11 30461.6 32920.8
12 29949 32269.5
13 29248.5 31420.8
14 29159.2 30521
15 28714 29917
16 28269.1 29519.5
17 28090.3 29252.4
18 27250 28982.8
19 26985.9 28523.9
20 26632.9 28086
21 25959.2 27567.1
22 25923.6 27171.1
23 25190.3 26761.5
24 24441.6 26243.5
25 24378.2 25738.4
26 23557.7 25178.3
27 23435.7 24709.6
28 23191.9 24316.4
29 23044.7 23823.9
30 22496.2 23494.7
31 21886.1 23332.6
32 21774.9 23217.3
33 21697 22940.3
34 21336.1 22791.8
35 21201.5 22462.3
36 20854.3 22117.1
37 20795.5 21759.1
38 20354.4 21459.9
39 20214.4 21115.7
40 19812.1 20847.2
41 19569.8 20680
42 19235.9 20360.2
43 19217.3 20050
44 18716.6 19737.9
45 18601.6 19396.9
46 18376.4 19206.5
47 18156.4 18982.2
48 18103.9 18781
49 17769 18568.4
50 17556.8 18390.8
51 16936.9 18183.2
52 16936.9 17974
53 16636.6 17531.5
54 16579.7 17222.2
55 16373.7 16990.4
56 15962.6 16830.4
57 15962.6 16638.8
58 15787.2 16572.3
59 15513.6 16424.2
60 15513.6 16176.8
61 15290.3 16020.4
62 15290.3 15845.6
63 15204.5 15715
64 15033.4 15536.5
65 14958.3 15416.9
66 14723.3 15263.3
67 14486.5 15140.2
68 14372.1 14957
69 14372.1 14830.2
70 14318.2 14646.5
71 14194.7 14580.9
72 14041.8 14496.7
73 13999.2 14451
74 13999.2 14425.3
75 13933.8 14386
76 12975.7 14352.8
77 12875.9 14255.5
78 12797.7 14127.1
79 12661.2 13844.8
80 12661.2 13444.6
81 12340 13106.1
82 12340 13043.9
83 12335.2 12901.3
84 12279.4 12746.4
85 12274.6 12538.2
86 12191.8 12439.4
87 12055.7 12369.7
88 11984 12309.2
89 11826.8 12241.5
90 11749.1 12198
91 11735.6 12087.5
92 11629.6 12005.3
93 11527.4 11904.9
94 11522.7 11848.6
95 11503.8 11720.8
96 11407.9 11638.3
97 11344.6 11577.4
98 11263.7 11537
99 11016.5 11491.5
100 11016.5 11387.6
101 11008.9 11272.4
102 10880.9 11183.3
103 10876.3 11130.3
104 10793.1 11013.4
105 10754.3 10965.4
106 10725.7 10933.2
107 10712.1 10864.5
108 10646.6 10834.7
109 10583.1 10849.5
110 10583.1 10834.5
111 10504.1 10765.9
112 10460 10701.8
113 10380.9 10652.5
114 10300.2 10615.5
115 10300.2 10551
116 10269.1 10436.1
117 10236.4 10401.8
118 10236.4 10362.8
119 10201.9 10325.3
120 10144.9 10362.9
121 10037.4 10287
122 9926.35 10245.8
123 9850.52 10166.4
124 9784.06 10112.7
125 9772.62 10026.4
126 9655.53 9945.93
127 9613.93 9868.16
128 9596.59 9812.93
129 9556.81 9757.08
130 9497.88 9689.87
131 9477.25 9644.34
132 9477.25 9610.81
133 9437.98 9584.95
134 9421.45 9566.69
135 9367.26 9525.09
136 9250.99 9533.15
137 9250.99 9517.28
138 9205.32 9478.24
139 9132.46 9422.47
140 9016.51 9397.63
141 8943.64 9412.3
142 8896.35 9241.04
143 8896.35 9181.82
144 8872.82 9069.98
145 8872.82 9039.59
146 8862.17 8969.64
147 8743.54 8946.82
148 8743.54 8935.79
149 8743.54 8975.26
150 8743.54 8983.42
151 8427.88 8961.74
152 8427.88 8892.3
153 8373.72 8763.21
154 8373.72 8711.23
155 8373.72 8632.75
156 8373.72 8577.79
157 8373.72 8575.37
158 8329.72 8541.34
159 8294.99 8454.37
160 8294.99 8451.43
161 8211.95 8400.75
162 8126.53 8377.49
163 8126.53 8333.89
164 8126.53 8267.42
165 8126.53 8233.31
166 8056.17 8245.66
167 8039.16 8301.65
168 8039.16 8271.2
169 8039.16 8223.36
170 8039.16 8234.35
171 8014.75 8162
172 8014.75 8166.86
173 8014.75 8112.4
174 7951.14 8103.11
175 7951.14 8129.45
176 7931.06 8059.87
177 7931.06 8062.39
178 7931.06 8053.14
179 7854.79 8050.49
180 7854.79 8039.65
181 7854.79 7985.1
182 7718.88 7967.7
183 7718.88 7989.37
184 7718.88 7990.8
185 7718.88 8034.73
186 7718.88 8082.28
187 7718.88 8071.14
188 7711.97 7979.76
189 7711.97 7923.12
190 7711.97 7918.56
191 7711.97 7911.81
192 7679.59 7818.76
193 7635.71 7770.94
194 7635.71 7789.04
195 7635.71 7819.37
196 7635.71 7758.45
197 7635.71 7766.88
198 7635.71 7746.57
199 7608.41 7715.93
200 7608.41 7771.44
201 7567.05 7924.19
202 7567.05 8082.21
203 7567.05 8146.35
204 7567.05 8238.67
205 7567.05 8010.92
206 7437.93 7926.36
207 7437.93 7865.82
208 7437.93 7734.95
209 7301.36 7622.15
210 7301.36 7620.3
211 7301.36 7536.75
212 7298.27 7439.88
213 7298.27 7390.21
214 7254.23 7345.83
215 7249.32 7365.75
216 7234.75 7351.3
217 7205.28 7378.97
218 7167.09 7299.5
219 7144.68 7270.45
220 7144.68 7271.69
221 7144.2 7283.27
222 7121.09 7251.42
223 7085.34 7234.42
224 7085.34 7250.35
225 7034.4 7241.85
226 7034.4 7179.66
227 7034.4 7121.53
228 7034.4 7125.04
229 7034.4 7115.72
230 7034.4 7116.88
231 7034.4 7120.57
232 7034.4 7115.94
233 7034.4 7085.46
234 6997.36 7103.78
235 6997.36 7098.9
236 6997.36 7186.21
237 6993.99 7215.12
238 6993.99 7181.91
239 6993.99 7198.64
240 6993.99 7194.91
241 6914.47 7156.03
242 6874.73 7233.95
243 6874.73 7312
244 6874.73 7273.54
245 6856.85 7135.6
246 6856.85 7042.24
247 6856.85 6978.44
248 6850.73 6934.37
249 6850.73 6914.34
250 6850.73 6934.03
251 6850.73 6926.93
252 6850.73 6923.3
253 6850.73 6920.98
254 6850.73 6915.85
255 6850.73 6900.41
256 6829.3 6913.05
257 6829.3 7015.31
258 6822.93 7094.97
259 6783.47 7158.18
260 6783.47 7215.48
261 6783.47 7118.3
262 6783.47 6976.04
263 6783.47 6925.35
264 6783.47 6940.6
265 6783.47 6897.84
266 6772.04 6831.21
267 6772.04 6855.09
268 6772.04 6847.45
269 6772.04 6821.39
270 6772.04 6801.23
271 6772.04 6826.03
272 6772.04 6824.44
273 6772.04 6830.04
274 6772.04 6822.7
275 6772.04 6831.41
276 6772.04 6837.84
277 6772.04 6827.97
278 6772.04 6873.55
279 6772.04 6894.72
280 6772.04 6874.75
281 6772.04 6908.77
282 6772.04 6894.67
283 6772.04 6845.37
284 6772.04 6877.6
285 6772.04 6833.73
286 6695.48 6838.15
287 6695.48 6913.63
288 6695.48 6968.63
289 6685.73 7019.57
290 6685.73 6994.78
291 6685.73 6970.14
292 6685.73 6963.28
293 6685.73 6938.26
294 6683.6 6826.13
295 6683.6 6777.74
296 6683.6 6739.95
297 6683.6 6769.09
298 6683.6 6752.12
299 6683.6 6797.65
300 6683.6 6765.4
301 6677.44 6794.86
302 6665.55 6823.39
303 6665.55 6949.63
304 6665.55 6892.23
305 6665.55 6885.63
306 6665.55 6842.93
307 6665.55 6792.11
308 6665.55 6740.81
309 6665.55 6723.11
310 6665.55 6700.39
311 6660.03 6718.51
312 6660.03 6765.67
313 6660.03 6794.82
314 6660.03 6851.73
315 6660.03 6830.32
316 6618.5 6816.53
317 6618.5 6899.34
318 6618.5 6897.87
319 6618.5 6985.27
320 6618.5 6989.37
321 6618.5 6898.53
322 6618.5 6816.67
323 6618.5 6812.63
324 6618.5 6813.73
325 6618.5 6717.98
326 6596.62 6684.65
327 6596.62 6729.71
328 6596.62 6712.91
329 6596.62 6722.89
330 6596.62 6697.77
331 6596.62 6657.67
332 6596.62 6658.72
333 6569.83 6650.35
334 6569.83 6655.96
335 6569.83 6631.67
336 6569.83 6626.83
337 6569.83 6618.11
338 6569.83 6607.46
339 6569.83 6609.67
340 6569.83 6656.45
341 6569.83 6642.99
342 6569.83 6641.51
343 6569.83 6624.29
344 6569.83 6657.41
345 6569.83 6602.34
346 6569.83 6620.5
347 6569.83 6689.34
348 6569.83 6674.8
349 6569.83 6640.51
350 6569.83 6635.38
351 6537.84 6636
352 6537.84 6605.25
353 6537.84 6618.3
354 6537.84 6600.84
355 6537.84 6596.3
356 6537.84 6632.47
357 6537.84 6607.42
358 6537.84 6626.02
359 6534.72 6616.92
360 6534.72 6580.28
361 6534.72 6580.09
362 6534.72 6558.27
363 6534.72 6571.04
364 6534.72 6606.35
365 6534.72 6606.45
366 6512.29 6556.56
367 6512.29 6588.16
368 6512.29 6596.24
369 6492.48 6582.39
370 6492.48 6597.75
371 6492.48 6579.53
372 6492.48 6559.45
373 6492.48 6560.11
374 6492.48 6524.26
375 6492.48 6526.26
376 6363.43 6655.11
377 6363.43 6907.82
378 6363.43 6950.41
379 6363.43 7021.76
380 6363.43 7001.23
381 6363.43 6908.48
382 6363.43 6681.94
383 6363.43 6610.29
384 6363.43 6487.18
385 6363.43 6482.02
386 6363.43 6468.48
387 6363.43 6478.08
388 6362.4 6448.15
389 6362.4 6425.2
390 6362.4 6435.67
391 6293.94 6450.05
392 6293.94 6481.63
393 6293.94 6560.85
394 6293.94 6493.86
395 6293.94 6446.26
396 6293.94 6403.65
397 6293.94 6382.16
398 6286.27 6392.78
399 6286.27 6336.65
400 6286.27 6349.25
401 6286.27 6362.37
402 6286.27 6356.04
403 6286.27 6386.7
404 6286.27 6376.24
405 6286.27 6346.76
406 6261.95 6387.35
407 6254.28 6363.43
408 6254.28 6351.01
409 6254.28 6324.03
410 6254.28 6354.6
411 6254.28 6335.17
412 6254.28 6355.13
413 6254.28 6317.2
414 6254.28 6317.19
415 6254.28 6315.16
416 6254.28 6319.83
417 6254.28 6315.74
418 6254.28 6341.65
419 6254.28 6333.1
420 6254.28 6315.82
421 6254.28 6352.75
422 6254.28 6353.26
423 6254.28 6345.09
424 6254.28 6326.97
425 6254.28 6296.52
426 6254.28 6309.48
427 6254.28 6300.22
428 6254.28 6309.38
429 6254.28 6326.74
430 6254.28 6304.13
431 6254.28 6316.75
432 6254.28 6318.1
433 6254.28 6309.59
434 6254.28 6330.57
435 6254.28 6319.28
436 6240.17 6321.02
437 6240.17 6350.79
438 6240.17 6379.35
439 6240.17 6346.52
440 6240.17 6380.09
441 6240.17 6357.53
442 6240.17 6313.75
443 6240.17 6284.69
444 6240.17 6284.84
445 6240.17 6285.56
446 6240.17 6300.9
447 6240.17 6307.32
448 6240.17 6336.68
449 6240.17 6371.48
450 6240.17 6331.6
451 6232.5 6334.87
452 6232.5 6298
453 6232.5 6274.23
454 6232.5 6330.67
455 6232.5 6304.99
456 6232.5 6285.57
457 6232.5 6305.87
458 6232.5 6290.5
459 6232.5 6295.03
460 6232.5 6299.69
461 6232.5 6266.53
462 6232.5 6258.01
463 6232.5 6298.04
464 6232.5 6275.28
465 6232.5 6288.44
466 6222.59 6279.97
467 6222.59 6285.07
468 6222.59 6304.84
469 6222.59 6282.99
470 6222.59 6283.24
471 6222.59 6292.12
472 6222.59 6319.04
473 6222.59 6306.43
474 6222.59 6297.29
475 6222.59 6282.63
476 6222.59 6260.04
477 6222.59 6240.67
478 6222.59 6252.38
479 6222.59 6251.02
480 6222.59 6262.87
481 6222.59 6281.08
482 6222.59 6283.09
483 6222.59 6285.88
484 6222.59 6246.28
485 6222.59 6257.4
486 6222.59 6272.94
487 6222.59 6290.74
488 6222.59 6324.98
489 6222.59 6303.8
490 6222.59 6272.66
491 6222.59 6307.07
492 6222.59 6278.04
493 6222.59 6256.34
494 6222.59 6282.73
495 6222.59 6270.41
496 6222.59 6276.58
497 6222.59 6295.19
498 6222.59 6303.82
499 6222.59 6275.87
500 6222.59 6311.02
501 6222.59 6300.11
502 6222.59 6338.44
503 6222.59 6303.13
504 6222.59 6312.69
505 6222.59 6305.56
506 6222.59 6320.24
507 6222.59 6334.57
508 6222.59 6273.07
509 6222.59 6297.77
510 6222.59 6265.52
511 6222.59 6300.06
512 6222.59 6307.1
513 6222.59 6310.49
514 6222.59 6278.91
515 6222.59 6285.81
516 6222.59 6275.77
517 6222.59 6277.75
518 6222.59 6295.17
519 6222.59 6268.12
520 6222.59 6266.17
521 6222.59 6272.66
522 6222.59 6302.94
523 6222.59 6335.85
524 6222.59 6284.04
525 6222.59 6308.37
526 6222.59 6329.75
527 6222.59 6282.41
528 6222.59 6287.53
529 6222.59 6269.09
530 6222.59 6254.25
531 6222.59 6253.79
532 6222.59 6306.37
533 6222.59 6281.1
534 6222.59 6289.99
535 6222.59 6300.45
536 6222.59 6310.41
537 6222.59 6308.3
538 6222.59 6288.59
539 6222.59 6259.55
540 6222.59 6268.49
541 6222.59 6239.86
542 6222.59 6258.35
543 6222.59 6276.26
544 6222.59 6281.8
545 6222.59 6262.48
546 6222.59 6258.16
547 6222.59 6266.53
548 6222.59 6283.86
549 6222.59 6327.81
550 6222.59 6324.01
551 6222.59 6355.21
552 6222.59 6280.25
553 6222.59 6264.22
554 6222.59 6304.66
555 6222.59 6263.17
556 6222.59 6276.71
557 6222.59 6290.21
558 6222.59 6259.17
559 6222.59 6253.61
560 6222.59 6267.16
561 6222.59 6294.58
562 6222.59 6292.86
563 6222.59 6267.09
564 6222.59 6318.08
565 6222.59 6338.08
566 6222.59 6299.99
567 6222.59 6294.64
568 6222.59 6294.58
569 6222.59 6254.79
570 6222.59 6301.76
571 6222.59 6317.42
572 6222.59 6351.91
573 6222.59 6329.88
574 6222.59 6308.96
575 6222.59 6282.16
576 6222.59 6262.9
577 6222.59 6249.11
578 6222.59 6286.89
579 6222.59 6289.88
580 6222.59 6275.33
581 6222.59 6269.45
582 6222.59 6282.43
583 6222.59 6299.55
584 6222.59 6330.88
585 6222.59 6317.65
586 6222.59 6308.65
587 6222.59 6296.04
588 6222.59 6281.13
589 6222.59 6282.76
590 6222.59 6299.44
591 6222.59 6296.73
592 6222.59 6335.58
593 6222.59 6278.48
594 6222.59 6289.02
595 6222.59 6259.51
596 6222.59 6284.58
597 6222.59 6291.71
598 6222.59 6274.38
599 6222.59 6280.46
600 6222.59 6278.53
601 6222.59 6281.55
602 6222.59 6330.32
603 6222.59 6278.44
604 6222.59 6291.95
605 6222.59 6313.73
606 6222.59 6307.82
607 6222.59 6288.43
608 6222.59 6332.52
609 6222.59 6302.79
610 6222.59 6279.9
611 6222.59 6312.41
612 6222.59 6273.77
613 6222.59 6270.41
614 6222.59 6241.7
615 6222.59 6278.13
616 6222.59 6246.65
617 6222.59 6277.04
618 6222.59 6277.31
619 6222.59 6311
620 6222.59 6292.51
621 6222.59 6295.71
622 6222.59 6329.78
623 6222.59 6311.02
624 6222.59 6294.27
625 6222.59 6301.36
626 6222.59 6324.66
627 6222.59 6335.62
628 6222.59 6265.88
629 6222.59 6326.75
630 6222.59 6357.38
631 6222.59 6302.75
632 6222.59 6306.12
633 6222.59 6331.03
634 6222.59 6323.69
635 6222.59 6273.4
636 6222.59 6281.13
637 6222.59 6326.43
638 6222.59 6332.65
639 6222.59 6308.81
640 6222.59 6299.4
641 6222.59 6284.03
642 6222.59 6269.76
643 6222.59 6275.43
644 6222.59 6273.93
645 6222.59 6270.2
646 6222.59 6284.29
647 6222.59 6266.74
648 6222.59 6299.59
649 6222.59 6303.98
650 6222.59 6284.15
651 6222.59 6301.15
652 6222.59 6368.17
653 6222.59 6357.89
654 6222.59 6271.4
655 6222.59 6264.56
656 6222.59 6266.42
657 6222.59 6272
658 6222.59 6284.55
659 6222.59 6306.63
660 6222.59 6273.82
661 6222.59 6262.82
662 6222.59 6332.61
663 6222.59 6309.75
664 6222.59 6271.57
665 6222.59 6250.62
666 6222.59 6247.71
667 6222.59 6275.51
668 6222.59 6258.88
669 6222.59 6277.44
670 6222.59 6327.77
671 6222.59 6292
672 6222.59 6248.23
673 6222.59 6236.32
674 6222.59 6244.17
675 6222.59 6264.95
676 6222.59 6264.81
677 6222.59 6294.48
678 6222.59 6293.65
679 6222.59 6297.11
680 6222.59 6312.98
681 6222.59 6278.48
682 6222.59 6298.79
683 6222.59 6312.15
684 6222.59 6312.09
685 6222.59 6283.83
686 6222.59 6276.91
687 6222.59 6286.27
688 6222.59 6297.84
689 6222.59 6279.2
690 6222.59 6269.99
691 6222.59 6268.88
692 6222.59 6270.3
693 6222.59 6261.28
694 6222.59 6294.11
695 6222.59 6269.26
696 6222.59 6277.25
697 6222.59 6293.63
698 6222.59 6278.23
699 6222.59 6269.65
700 6222.59 6271.66
701 6222.59 6253.16
702 6222.59 6264.02
703 6222.59 6252.47
704 6222.59 6266.67
705 6222.59 6269.75
706 6222.59 6314.59
707 6222.59 6289.25
708 6222.59 6283.07
709 6222.59 6292.85
710 6222.59 6288.41
711 6222.59 6300.11
712 6222.59 6316.08
713 6222.59 6329.1
714 6222.59 6321.04
715 6222.59 6283.91
716 6222.59 6290.21
717 6222.59 6329.35
718 6222.59 6265.8
719 6222.59 6304.99
720 6222.59 6267.08
721 6222.59 6283.41
722 6222.59 6305.45
723 6222.59 6284.17
724 6222.59 6312.97
725 6222.59 6307.95
726 6222.59 6287.6
727 6222.59 6283.94
728 6222.59 6323.43
729 6222.59 6355.89
730 6222.59 6330.74
731 6222.59 6344.22
732 6222.59 6263.74
733 6222.59 6253.09
734 6222.59 6265.41
735 6222.59 6268.46
736 6222.59 6274.2
737 6222.59 6271.69
738 6222.59 6318.23
739 6222.59 6302.16
740 6222.59 6286.68
741 6222.59 6289.75
742 6222.59 6300.9
743 6222.59 6313.51
744 6222.59 6307.2
745 6222.59 6302.89
746 6222.59 6286.9
747 6222.59 6252.65
748 6222.59 6281.93
749 6222.59 6284.49
750 6222.59 6280.55
751 6222.59 6315.12
752 6222.59 6331.13
753 6222.59 6298.9
754 6222.59 6326.41
755 6222.59 6298.88
756 6222.59 6295.09
757 6222.59 6315.06
758 6222.59 6320.21
759 6222.59 6286.69
760 6222.59 6273.42
761 6222.59 6285.02
762 6222.59 6267.57
763 6222.59 6257.07
764 6222.59 6256.43
765 6222.59 6244.56
766 6222.59 6239.49
767 6222.59 6256.43
768 6222.59 6291.08
769 6222.59 6263.37
770 6222.59 6257.98
771 6222.59 6264.69
772 6222.59 6262.61
773 6222.59 6295.39
774 6222.59 6271.96
775 6222.59 6272.79
776 6222.59 6314.2
777 6222.59 6335.14
778 6222.59 6297.85
779 6222.59 6277.16
780 6222.59 6283.37
781 6222.59 6256.86
782 6222.59 6279.51
783 6222.59 6281.33
784 6222.59 6283.62
785 6222.59 6305.15
786 6222.59 6323.29
787 6222.59 6290.22
788 6222.59 6279.25
789 6222.59 6272.98
790 6222.59 6291.77
791 6222.59 6285.32
792 6222.59 6308.68
793 6222.59 6274.5
794 6222.59 6255.3
795 6222.59 6302.71
796 6222.59 6301.99
797 6222.59 6273.46
798 6222.59 6286.15
799 6222.59 6268.29
800 6222.59 6267.09
801 6222.59 6278.69
802 6222.59 6308.39
803 6222.59 6290.77
804 6222.59 6283.52
805 6222.59 6324.64
806 6222.59 6284.92
807 6222.59 6300.49
808 6222.59 6327.84
809 6222.59 6308.27
810 6222.59 6288.18
811 6222.59 6267.36
812 6222.59 6291.02
813 6222.59 6304.15
814 6222.59 6303.58
815 6222.59 6283.34
816 6222.59 6282.11
817 6222.59 6312.38
818 6222.59 6314.98
819 6222.59 6296.68
820 6222.59 6283.77
821 6222.59 6278.98
822 6222.59 6327.06
823 6222.59 6321.26
824 6222.59 6311.78
825 6222.59 6307.65
826 6222.59 6301.5
827 6222.59 6298.12
828 6222.59 6280.08
829 6222.59 6315.22
830 6222.59 6284.66
831 6222.59 6246.96
832 6222.59 6275.77
833 6222.59 6316.6
834 6222.59 6309.04
835 6222.59 6330.35
836 6222.59 6327.87
837 6222.59 6301.92
838 6222.59 6309.21
839 6222.59 6325.03
840 6222.59 6294.77
841 6222.59 6254.2
842 6222.59 6276.08
843 6222.59 6294.71
844 6222.59 6294.88
845 6222.59 6359.51
846 6222.59 6294.73
847 6222.59 6318.33
848 6222.59 6278.25
849 6222.59 6323.45
850 6222.59 6319.47
851 6222.59 6333.81
852 6222.59 6277.92
853 6222.59 6285.46
854 6222.59 6295.37
855 6222.59 6258.55
856 6222.59 6315.56
857 6222.59 6306.76
858 6222.59 6385.95
859 6222.59 6326.42
860 6222.59 6278.81
861 6222.59 6279.32
862 6222.59 6331.11
863 6222.59 6289.3
864 6222.59 6265.57
865 6222.59 6285.54
866 6222.59 6261.58
867 6222.59 6266.87
868 6222.59 6262.79
869 6222.59 6272.8
870 6222.59 6306.66
871 6222.59 6306.07
872 6222.59 6328.21
873 6222.59 6260.21
874 6222.59 6315.56
875 6222.59 6285.53
876 6222.59 6269.24
877 6222.59 6306.12
878 6222.59 6339.61
879 6222.59 6344.81
880 6222.59 6395.81
881 6222.59 6351.75
882 6222.59 6306.47
883 6222.59 6308.37
884 6222.59 6275.4
885 6222.59 6269.71
886 6222.59 6250.13
887 6222.59 6271.84
888 6222.59 6291.97
889 6222.59 6284.02
890 6222.59 6270.04
891 6222.59 6294.83
892 6222.59 6304.34
893 6222.59 6311.09
894 6222.59 6272.96
895 6222.59 6277.26
896 6222.59 6257.3
897 6222.59 6261.47
898 6222.59 6247.53
899 6222.59 6268.6
900 6222.59 6273.22
901 6222.59 6319.36
902 6222.59 6298.07
903 6222.59 6320.14
904 6222.59 6324.8
905 6222.59 6304.39
906 6222.59 6330.89
907 6222.59 6311.45
908 6222.59 6339
909 6222.59 6300.8
910 6222.59 6330.05
911 6222.59 6299.51
912 6222.59 6263.39
913 6222.59 6298.45
914 6222.59 6284.14
915 6222.59 6269.89
916 6222.59 6270.13
917 6222.59 6295.84
918 6222.59 6306.51
919 6222.59 6314.59
920 6222.59 6350.03
921 6222.59 6299.83
922 6222.59 6271.2
923 6222.59 6304.9
924 6222.59 6293.17
925 6222.59 6280.5
926 6222.59 6273.43
927 6222.59 6293.12
928 6222.59 6288.82
929 6222.59 6307.59
930 6222.59 6255.7
931 6222.59 6296.18
932 6222.59 6290.63
933 6222.59 6264.18
934 6222.59 6266.49
935 6222.59 6255.04
936 6222.59 6264.72
937 6222.59 6256.77
938 6222.59 6252.27
939 6222.59 6291.05
940 6222.59 6301.43
941 6222.59 6288.48
942 6222.59 6303.53
943 6222.59 6302.77
944 6222.59 6307.87
945 6222.59 6320.14
946 6222.59 6237.38
947 6222.59 6268.18
948 6222.59 6274.73
949 6222.59 6314.57
950 6222.59 6300.55
951 6222.59 6296.26
952 6222.59 6273.8
953 6222.59 6295.43
954 6222.59 6298.41
955 6222.59 6273.19
956 6222.59 6276.35
957 6222.59 6274.66
958 6222.59 6263.86
959 6222.59 6258.32
960 6222.59 6256.11
961 6222.59 6273.66
962 6222.59 6305.32
963 6222.59 6308.01
964 6222.59 6278.29
965 6222.59 6282.49
966 6222.59 6302.91
967 6222.59 6306.01
968 6222.59 6334.16
969 6222.59 6269.3
970 6222.59 6293.15
971 6222.59 6273.24
972 6222.59 6295.16
973 6222.59 6294.59
974 6222.59 6315.98
975 6222.59 6286.92
976 6222.59 6300.07
977 6222.59 6333.3
978 6222.59 6299.27
979 6222.59 6295.99
980 6222.59 6282.39
981 6222.59 6282.04
982 6222.59 6294.41
983 6222.59 6300.54
984 6222.59 6299.91
985 6222.59 6308.88
986 6222.59 6329.15
987 6222.59 6296.11
988 6222.59 6300.73
989 6222.59 6258.24
990 6222.59 6251.16
991 6222.59 6271.2
992 6222.59 6272.35
993 6222.59 6248.32
994 6222.59 6253.41
995 6222.59 6277.58
996 6222.59 6284.75
997 6222.59 6250
998 6222.59 6270.39
999 6222.59 6280.11
1000 6222.59 6260.56
