Generation Loss_Best Loss_Average_Half
0 42779.4 47491.4
1 39726.4 45489.4
2 38724.1 43691.3
3 37893.3 42126.2
4 37192 40570.6
5 36050 39115.6
6 34876.2 38012.4
7 33989.3 37090.6
8 33716.4 36082.6
9 32076.7 35128.4
10 31981.4 34387.9
11 31252.6 33404
12 30649.5 32614.8
13 30089 31848
14 29262 31211
15 28044 30576.2
16 27880.5 29793.9
17 26694.5 29030.6
18 26585.5 28363.9
19 26163.9 27713.1
20 25568.2 27071.2
21 25283 26569.9
22 24388.6 26051
23 23826.7 25576
24 23784.5 24889.2
25 23242.7 24440.5
26 23175.2 24053.9
27 22813 23706.5
28 22567 23390.1
29 22380.2 23110.5
30 21881.2 22960.4
31 21773.4 22724.5
32 21232.3 22436.9
33 20804.9 22112
34 20657.9 21787.1
35 20291.5 21430.7
36 20100.2 21007.3
37 19979.7 20818.7
38 19968.7 20586.8
39 19584 20371.8
40 19369.6 20279
41 19213.5 20020.9
42 18943.3 19811.5
43 18575.8 19573.3
44 18575.8 19322.5
45 18260.4 19088.9
46 18161.1 18912.4
47 17889.5 18638.8
48 17758.9 18469.8
49 17758.9 18317.7
50 17721.4 18232.1
51 17401.9 18027.7
52 17145.8 17899.1
53 17083.1 17687.2
54 16908.4 17539.7
55 16845.7 17362.5
56 16680.9 17267.6
57 16618.3 17111.3
58 16618.3 17000.4
59 16506.5 16906.4
60 16480.5 16783.5
61 16357.5 16713.5
62 16249.7 16683.5
63 15991.6 16608.1
64 15978.1 16496.7
65 15848.1 16346.1
66 15848.1 16227.6
67 15727.9 16076.4
68 15639.2 16020.9
69 15519 15915.1
70 15506.3 15846.7
71 15479.7 15761.8
72 15385.8 15704.9
73 15194.5 15647.3
74 15166.1 15566.1
75 14948.1 15483.6
76 14728.4 15348.5
77 14728.4 15266.9
78 14630.9 15109.3
79 14588.8 14971.9
80 14539.8 15022.1
81 14423.8 15000.7
82 14288.5 14854.9
83 14239.5 14774.5
84 14225.7 14649.1
85 14176.7 14480.6
86 14079.1 14476.9
87 14044.6 14348.1
88 13936.2 14300.4
89 13827.6 14185.9
90 13757.7 14125.8
91 13757.7 14011.6
92 13681.5 13929
93 13526.8 13869.4
94 13526.8 13821.5
95 13492.7 13941.6
96 13400.4 13999.2
97 13372.3 14009.2
98 13249.4 13865.8
99 13199.4 13744.4
100 13076.5 13626.9
101 13063.2 13499.9
102 12881 13393.1
103 12801.3 13261
104 12216.2 13126.2
105 12136.4 12991.8
106 12020 12731.4
107 11777.4 12504.6
108 11568.7 12343.5
109 11568.7 12221.1
110 11493.9 11999.8
111 11483.3 11875.5
112 11483.3 11835.7
113 11455.7 11784.6
114 11417.8 11732.9
115 11379.6 11659
116 11320.1 11613.8
117 11170.5 11540.2
118 11170.5 11452.7
119 11170.5 11393.7
120 11170.5 11340.2
121 11094.7 11311.4
122 11069.6 11271
123 10933.5 11200
124 10857.7 11202.8
125 10857.7 11206.9
126 10857.7 11233.2
127 10857.7 11198.8
128 10839.9 11100
129 10750.4 11078.5
130 10750.4 11008.1
131 10750.4 11003.6
132 10721.5 10997.3
133 10663.5 10887.1
134 10634.6 10853.4
135 10634.6 10931.7
136 10634.6 10944
137 10551.7 10951.5
138 10500.4 10882.5
139 10500.4 10918.7
140 10493.2 10857
141 10323.3 10762.7
142 10189 10769.7
143 10119.4 10700.2
144 10060.9 10592.9
145 10060.9 10427.2
146 10060.9 10285.2
147 9983.12 10222.2
148 9911.57 10163.9
149 9815.38 10117.9
150 9608.77 10045.8
151 9608.77 9939.17
152 9516.83 9835.67
153 9503.94 9779.23
154 9492.45 9761.2
155 9451.99 9752.27
156 9448.32 9716.66
157 9420.76 9720.56
158 9366.64 9701.79
159 9348.56 9729.17
160 9202.81 9679.28
161 9202.81 9577.12
162 9180.58 9432.66
163 9180.58 9365.21
164 9142.23 9316.41
165 9115.96 9289.54
166 9055.38 9234.16
167 9005.61 9184.25
168 8903.41 9155.07
169 8903.41 9166.56
170 8886.19 9086.67
171 8869.48 9050.92
172 8773.64 9006.98
173 8756.93 8960.09
174 8756.93 8940.62
175 8739.71 8906.85
176 8736.36 8875.07
177 8736.36 8827.88
178 8662.07 8872.62
179 8545.03 8832.23
180 8545.03 8818.94
181 8499.32 8713.1
182 8499.32 8675.87
183 8493.51 8659.62
184 8493.51 8602.04
185 8493.51 8571.08
186 8493.51 8570.68
187 8482.54 8554.51
188 8480.48 8555.11
189 8430.43 8591.61
190 8409.55 8552.14
191 8357.44 8542.48
192 8357.44 8501.21
193 8357.44 8450.79
194 8343.92 8431.24
195 8319.32 8428.36
196 8305.8 8454.98
197 8278.28 8418.98
198 8264.76 8398.21
199 8264.76 8383
200 8213.49 8326.17
201 8166.39 8289.44
202 8166.39 8252.43
203 8115.13 8236.82
204 8115.13 8192.66
205 8115.13 8178.18
206 8093.4 8166.39
207 8093.4 8205.37
208 8093.4 8336.81
209 8072.5 8480.72
210 8072.5 8498.3
211 8072.5 8554.32
212 8048.48 8562.47
213 8045.31 8356.75
214 8045.31 8386.61
215 8043.58 8536.88
216 8043.58 8580.6
217 8043.58 8692.46
218 8043.58 8633.39
219 8043.58 8489.34
220 8043.58 8316.52
221 8017.65 8241.57
222 7975.28 8201.48
223 7975.28 8178.75
224 7975.28 8155.26
225 7975.28 8069.97
226 7974.98 8046.47
227 7974.98 8024.28
228 7974.98 8022.72
229 7974.98 8055.59
230 7974.98 8046.67
231 7974.98 8020.36
232 7974.98 8052.76
233 7972.66 8044.7
234 7972.66 8062.21
235 7972.29 8095.78
236 7972.29 8148.08
237 7972.29 8249.66
238 7915.78 8340.19
239 7915.78 8344.42
240 7896.52 8398.47
241 7896.52 8332.62
242 7896.52 8245.5
243 7896.52 8142.57
244 7896.52 8048.82
245 7896.52 8037.96
246 7896.52 7971.48
247 7854.75 7980.25
248 7854.75 7948.54
249 7854.75 7939.41
250 7816.47 7912.34
251 7816.47 7908.42
252 7779.39 7884.51
253 7741.11 7916.18
254 7737.78 7843.59
255 7699.5 7842.97
256 7686.97 7838.52
257 7686.97 7804.81
258 7686.97 7768.08
259 7675.87 7736.26
260 7675.87 7766.43
261 7675.87 7745.73
262 7638.28 7767.83
263 7638.28 7806.21
264 7638.28 7814.56
265 7638.28 7802.62
266 7638.28 7758.95
267 7638.28 7756.1
268 7638.28 7732.48
269 7638.28 7680.81
270 7638.28 7711.28
271 7638.28 7725.67
272 7638.28 7727.38
273 7638.28 7718.41
274 7638.28 7734.49
275 7638.28 7728.62
276 7638.28 7718.12
277 7638.28 7737.35
278 7638.28 7704.57
279 7638.28 7692.61
280 7623.72 7683.35
281 7618.02 7824.29
282 7618.02 8049.21
283 7618.02 8151.58
284 7618.02 8077.52
285 7618.02 7966.73
286 7618.02 7872.65
287 7618.02 7742.49
288 7618.02 7694.62
289 7618.02 7685.82
290 7618.02 7655.61
291 7618.02 7684.78
292 7618.02 7672.33
293 7618.02 7680.88
294 7618.02 7683.66
295 7618.02 7672.97
296 7618.02 7634.76
297 7618.02 7684.67
298 7618.02 7681.82
299 7618.02 7679.66
300 7618.02 7679.46
301 7618.02 7642.19
302 7618.02 7653.09
303 7601.48 7646.75
304 7601.48 7653.68
305 7601.48 7652.91
306 7601.48 7648.14
307 7563.69 7671.04
308 7563.69 7635.38
309 7563.69 7678.32
310 7563.69 7691.39
311 7563.69 7676.05
312 7563.69 7638.27
313 7563.69 7637.6
314 7563.69 7611.23
315 7563.69 7633.79
316 7563.69 7645.56
317 7563.69 7632.47
318 7563.69 7611.87
319 7563.69 7609.22
320 7559.35 7604.86
321 7559.35 7595.93
322 7559.35 7579.99
323 7559.35 7599.22
324 7559.35 7609.75
325 7559.35 7605.28
326 7559.35 7588.49
327 7559.35 7591.74
328 7559.35 7591.8
329 7559.35 7633.06
330 7559.35 7632.07
331 7559.35 7641.15
332 7535.04 7643.14
333 7535.04 7625.9
334 7535.04 7604.66
335 7535.04 7610.04
336 7535.04 7666.37
337 7533.97 7659
338 7533.97 7653.98
339 7533.97 7625.59
340 7533.97 7632.38
341 7533.97 7621.18
342 7514.33 7641.6
343 7514.33 7659.77
344 7514.33 7585.92
345 7514.33 7597.76
346 7514.33 7594.46
347 7514.33 7573.11
348 7499 7593.37
349 7498.79 7645.55
350 7450.55 7685.83
351 7450.55 7694.1
352 7450.55 7671.94
353 7450.55 7580
354 7450.55 7559.51
355 7450.55 7561.21
356 7450.55 7573.88
357 7450.55 7556.95
358 7450.55 7545.34
359 7448.79 7530.99
360 7448.79 7519.58
361 7448.79 7516.51
362 7448.79 7544.56
363 7448.79 7494.9
364 7422.97 7504.74
365 7419.59 7513.48
366 7419.59 7483.98
367 7419.59 7499.73
368 7419.59 7493.84
369 7419.59 7483.99
370 7419.59 7471.11
371 7419.59 7520.4
372 7419.59 7491.85
373 7419.59 7482.99
374 7419.59 7449.52
375 7419.59 7479.21
376 7419.59 7505.59
377 7401.79 7496.76
378 7401.79 7504.47
379 7401.79 7450.14
380 7401.79 7444.82
381 7385.78 7455.61
382 7385.78 7450.37
383 7385.78 7410.35
384 7385.78 7415.09
385 7385.78 7439.25
386 7385.78 7448.17
387 7385.78 7428.18
388 7385.78 7392.94
389 7383.99 7408.1
390 7383.99 7420.69
391 7383.99 7428.73
392 7383.99 7423.39
393 7383.99 7419.3
394 7383.99 7419.86
395 7383.99 7427.17
396 7349.14 7433.73
397 7349.14 7414.14
398 7349.14 7436.12
399 7349.14 7414.46
400 7349.14 7410.18
401 7349.14 7416.91
402 7349.14 7415.03
403 7349.14 7449.37
404 7349.14 7432.28
405 7349.14 7456.17
406 7349.14 7409.85
407 7349.14 7386.8
408 7349.14 7411.45
409 7349.14 7430.72
410 7349.14 7428.8
411 7349.14 7408.98
412 7349.14 7405.07
413 7349.14 7383.68
414 7349.14 7393.8
415 7349.14 7396.59
416 7349.14 7411.31
417 7346.46 7401.19
418 7346.46 7434.13
419 7346.46 7463.35
420 7346.46 7544.09
421 7346.46 7604.92
422 7346.46 7601.89
423 7346.46 7591.32
424 7315.85 7556.61
425 7315.85 7488.75
426 7315.85 7478.7
427 7315.85 7403.27
428 7315.85 7417.56
429 7315.85 7419.64
430 7315.85 7406.91
431 7315.85 7382.91
432 7315.85 7385.19
433 7279.81 7355.7
434 7279.81 7343.52
435 7279.81 7362.95
436 7279.81 7401.82
437 7279.81 7356.51
438 7279.81 7375.82
439 7279.81 7383.32
440 7279.81 7349.65
441 7238.59 7335.82
442 7238.59 7352.15
443 7238.59 7305.55
444 7238.59 7299.55
445 7238.59 7315.55
446 7238.59 7310.24
447 7238.59 7344.75
448 7238.59 7314.06
449 7238.59 7332.12
450 7238.59 7290.26
451 7238.59 7287.66
452 7238.59 7318.78
453 7238.59 7342.17
454 7238.59 7307.56
455 7238.59 7337.01
456 7238.59 7307.91
457 7238.59 7379.12
458 7238.59 7334.13
459 7238.59 7352.84
460 7238.59 7312.67
461 7238.59 7312.73
462 7238.59 7320.94
463 7238.59 7339.68
464 7238.59 7319.6
465 7238.59 7302.53
466 7238.59 7324.26
467 7234.66 7278.07
468 7234.66 7322.14
469 7234.66 7534.54
470 7234.66 7677.06
471 7234.66 7768.87
472 7234.66 7689.22
473 7234.66 7627.23
474 7109.25 7418.37
475 7109.25 7377.83
476 7104.29 7292.34
477 7104.29 7269.73
478 7104.29 7207.93
479 7104.29 7231.14
480 7104.29 7159.39
481 7104.29 7182.43
482 7104.29 7178.9
483 7104.29 7160.35
484 7104.29 7155
485 7104.29 7163.76
486 7104.29 7215.1
487 7104.29 7214.49
488 7104.29 7155.59
489 7104.29 7155.76
490 7104.29 7145.85
491 7104.29 7140.58
492 7104.29 7159.54
493 7104.29 7138.87
494 7104.29 7128.75
495 7104.29 7149.8
496 7104.29 7142.27
497 7104.29 7167.59
498 7104.29 7170.19
499 7079.58 7145.58
500 7079.58 7212.38
501 7079.58 7244.44
502 7076.95 7282.55
503 7076.95 7354.7
504 7076.95 7300.79
505 7076.95 7232.65
506 7076.95 7182.8
507 7076.95 7170.96
508 7076.95 7136.51
509 7076.95 7169.94
510 7076.95 7143.88
511 7076.95 7136.43
512 7076.95 7149.08
513 7076.95 7151.98
514 7076.95 7170.95
515 7076.95 7166.34
516 7076.95 7123.69
517 7076.95 7180.65
518 7076.95 7158.29
519 7076.95 7181.47
520 7076.95 7154.15
521 7076.95 7162.29
522 7076.95 7200.02
523 7076.95 7194.13
524 7076.95 7156.05
525 7076.95 7173.03
526 7064.46 7163.71
527 7064.46 7162.08
528 7063.25 7141.72
529 7063.25 7190.84
530 7063.25 7179.31
531 7063.25 7182.63
532 7063.25 7164.38
533 7063.25 7127.82
534 7063.25 7118.5
535 7063.25 7150.86
536 7063.25 7110.53
537 7063.25 7115.02
538 7053.13 7131.63
539 7053.13 7122.7
540 7053.13 7122
541 7053.13 7116.45
542 7053.13 7108.68
543 7053.13 7094.65
544 7053.13 7105.91
545 7053.13 7121.82
546 7053.13 7088.64
547 7053.13 7108.41
548 7053.13 7120.56
549 7053.13 7120.74
550 7053.13 7114.29
551 7053.13 7163.82
552 7053.13 7115.41
553 7053.13 7145.79
554 7053.13 7140.71
555 7053.13 7142.55
556 7053.13 7147.57
557 7053.13 7122.39
558 7053.13 7095.68
559 7053.13 7108.94
560 7053.13 7134.08
561 7053.13 7139.65
562 7018.12 7116.3
563 7018.12 7127.46
564 7018.12 7287.75
565 7018.12 7543.34
566 7018.12 7503.53
567 7018.12 7323.63
568 7018.12 7261.89
569 7018.12 7198.72
570 7018.12 7147.39
571 7018.12 7120.98
572 7018.12 7146.11
573 7018.12 7134.66
574 7018.12 7105.22
575 7018.12 7094.98
576 7018.12 7083.07
577 7018.12 7070.94
578 7018.12 7101.69
579 7018.12 7073.81
580 7018.12 7060.06
581 7005.73 7047.39
582 7005.73 7167.91
583 7005.73 7397.03
584 7005.73 7524.1
585 7005.73 7566.69
586 7005.73 7502.18
587 7005.73 7441.66
588 7005.73 7245.84
589 7005.73 7147.45
590 7005.73 7143.76
591 7005.73 7167.66
592 7005.73 7153.86
593 7005.73 7148.91
594 7005.73 7148.91
595 7005.73 7128.07
596 7005.73 7088.12
597 7005.73 7040
598 7005.73 7032.86
599 7005.73 7035.78
600 7005.73 7061
601 7005.73 7053.74
602 7005.73 7049.02
603 7005.73 7030.93
604 7005.73 7025.88
605 7005.73 7043.01
606 7005.73 7100.12
607 7005.73 7098.62
608 7005.73 7130.62
609 7005.73 7155.57
610 7005.73 7109.79
611 7005.73 7056.49
612 7005.73 7041.74
613 7005.73 7115.89
614 7005.73 7076.5
615 7005.73 7062.65
616 7005.73 7077.69
617 7005.73 7120.21
618 7005.73 7084.18
619 7005.73 7039.76
620 7005.73 7076.67
621 7005.73 7085.45
622 7005.73 7059.9
623 7005.73 7048.47
624 7005.73 7068.05
625 7005.73 7030.38
626 7005.73 7077.56
627 7005.73 7066.1
628 7005.73 7064.08
629 7005.73 7076.43
630 7005.73 7043.56
631 7005.73 7073.25
632 7005.73 7035
633 7005.73 7063.56
634 7005.73 7060.08
635 7005.73 7080.61
636 7005.73 7046.12
637 7005.73 7045.47
638 7005.73 7053.38
639 7005.73 7067.15
640 7005.73 7107.18
641 6998.86 7147.47
642 6998.86 7165.28
643 6998.86 7299.55
644 6998.86 7464.82
645 6998.86 7464.25
646 6998.86 7347.72
647 6998.86 7187.28
648 6998.86 7151.63
649 6998.86 7135.18
650 6998.86 7081.69
651 6998.86 7067.54
652 6998.86 7071.54
653 6998.86 7072.77
654 6998.86 7088.46
655 6998.86 7083.15
656 6998.86 7071.63
657 6998.86 7043.02
658 6998.86 7016.67
659 6998.86 7032.89
660 6998.86 7058.73
661 6998.86 7109.03
662 6998.86 7127.61
663 6998.86 7094.05
664 6998.86 7063.11
665 6998.86 7055.79
666 6998.86 7038.87
667 6998.86 7040.52
668 6998.86 7038.39
669 6998.86 7058.12
670 6998.86 7034.95
671 6998.86 7062.57
672 6998.86 7026.89
673 6998.86 7027.53
674 6998.86 7048.96
675 6998.86 7080.43
676 6998.86 7082.18
677 6998.86 7067
678 6998.86 7065.56
679 6998.86 7049.69
680 6998.86 7038.87
681 6998.86 7049.2
682 6998.86 7058.55
683 6998.86 7065.36
684 6998.86 7042.91
685 6998.86 7040.6
686 6998.86 7047.41
687 6998.86 7053.51
688 6998.86 7034.9
689 6998.86 7019.4
690 6998.86 7035.03
691 6998.86 7095.56
692 6998.86 7082.65
693 6998.86 7045.66
694 6998.86 7062.59
695 6998.86 7069.34
696 6998.86 7047.47
697 6998.86 7037.43
698 6998.86 7098.3
699 6998.86 7057.62
700 6998.86 7061.4
701 6998.86 7034.4
702 6998.86 7053.68
703 6998.86 7053.84
704 6998.86 7052.76
705 6998.86 7057.93
706 6998.86 7049.29
707 6998.86 7045.72
708 6998.86 7030.5
709 6998.86 7060.5
710 6998.86 7055.82
711 6998.86 7077.91
712 6998.86 7058.36
713 6998.86 7092.75
714 6998.86 7061.93
715 6998.86 7047.76
716 6998.86 7046.23
717 6998.86 7037.07
718 6998.86 7028.35
719 6998.86 7023.1
720 6998.86 7055.86
721 6998.86 7051.84
722 6998.86 7046.79
723 6998.86 7042.27
724 6998.86 7078.9
725 6998.86 7085.19
726 6998.86 7030.7
727 6998.86 7022.49
728 6998.86 7018.98
729 6998.86 7024.17
730 6998.86 7044.31
731 6998.86 7033.35
732 6998.86 7058
733 6998.86 7043.69
734 6998.86 7054.77
735 6998.86 7068.45
736 6998.86 7087.52
737 6998.86 7065.46
738 6998.86 7088.09
739 6998.86 7080.31
740 6998.86 7095.55
741 6998.86 7064.63
742 6998.86 7050.23
743 6998.86 7055.02
744 6998.86 7064.19
745 6998.86 7092.44
746 6998.86 7093.63
747 6998.86 7089.92
748 6998.86 7063.28
749 6998.86 7086.29
750 6998.86 7079.62
751 6998.86 7055.76
752 6998.86 7071.95
753 6998.86 7074.39
754 6998.86 7066.72
755 6998.86 7080.21
756 6998.86 7048.68
757 6998.86 7054.9
758 6998.86 7079.09
759 6998.86 7056.15
760 6998.86 7080.52
761 6998.86 7078.28
762 6998.86 7042.4
763 6998.86 7052.11
764 6998.86 7050.89
765 6998.86 7065.43
766 6998.86 7032.63
767 6998.86 7020.69
768 6998.86 7026.37
769 6998.86 7039.1
770 6998.86 7053.28
771 6998.86 7063.27
772 6998.86 7054.14
773 6998.86 7065.92
774 6998.86 7049.39
775 6998.86 7060.53
776 6998.86 7042.07
777 6997.96 7015.89
778 6997.96 7081.77
779 6997.96 7302.15
780 6995.25 7590.77
781 6995.25 7629.18
782 6995.25 7645.82
783 6995.25 7735.55
784 6995.25 7573.96
785 6995.25 7355.66
786 6995.25 7283.29
787 6995.25 7145.82
788 6995.25 7152.77
789 6995.25 7071.33
790 6995.25 7095.85
791 6995.25 7062.46
792 6995.25 7071.15
793 6995.25 7076.81
794 6995.25 7068.91
795 6995.25 7057.52
796 6995.25 7021.49
797 6970.45 7038.04
798 6970.45 7060.59
799 6970.45 7040.78
800 6970.45 7067.52
801 6970.45 7107.74
802 6970.45 7103.16
803 6970.45 7084.19
804 6970.45 7081.09
805 6970.45 7057.09
806 6970.45 7023.8
807 6970.45 7023.02
808 6970.45 7030.13
809 6970.45 7036.56
810 6970.45 7041.01
811 6970.45 7039.26
812 6970.45 6999.89
813 6970.45 7023.37
814 6970.45 7048.77
815 6970.45 7027.52
816 6970.45 7000.3
817 6970.45 7006.44
818 6970.45 7011.67
819 6970.45 7027.23
820 6970.45 7015.07
821 6970.45 7005.66
822 6970.45 7045.39
823 6970.45 7037.71
824 6970.45 7016.55
825 6970.45 7014.37
826 6970.45 7016.14
827 6970.45 7015.6
828 6970.45 7025.59
829 6970.45 7032.07
830 6932.24 7030.14
831 6932.24 7082.18
832 6932.24 7243.25
833 6932.24 7378.25
834 6932.24 7334.69
835 6932.24 7302.03
836 6932.24 7142.83
837 6932.24 7168.79
838 6932.24 7099.51
839 6932.24 7065.73
840 6932.24 7053.23
841 6932.24 7002.5
842 6932.24 6993.63
843 6932.24 7029.36
844 6932.24 7075.02
845 6932.24 7005.92
846 6932.24 7012.57
847 6932.24 6993.18
848 6932.24 6971.15
849 6932.24 6985.45
850 6893.35 6978.84
851 6893.35 6963.02
852 6893.35 6982.92
853 6893.35 6974.01
854 6893.35 6981.33
855 6893.35 6955.05
856 6893.35 6961.02
857 6893.35 6980.56
858 6893.35 6959.3
859 6893.35 6964.66
860 6893.35 6989.02
861 6893.35 6965.58
862 6893.35 6964.13
863 6893.35 6998.8
864 6893.35 6991.31
865 6893.35 6967.58
866 6893.35 6938.22
867 6893.35 6978.32
868 6893.35 6980.36
869 6893.35 6996.78
870 6893.35 6960.8
871 6893.35 7008.13
872 6893.35 6999.65
873 6893.35 6986.32
874 6893.35 6973.62
875 6893.35 6975.03
876 6893.35 6952.08
877 6893.35 6934.08
878 6893.35 6932.06
879 6884.1 6941.95
880 6884.1 7024.8
881 6884.1 7166.72
882 6884.1 7229.27
883 6884.1 7210.39
884 6884.1 7155.66
885 6884.1 7151.23
886 6884.1 7063.93
887 6884.1 7070.97
888 6884.1 7046.44
889 6884.1 7025.45
890 6884.1 6938.61
891 6884.1 6927.89
892 6884.1 6940.68
893 6884.1 6941.14
894 6884.1 6942.31
895 6884.1 6939.66
896 6884.1 6931.86
897 6884.1 6981.39
898 6884.1 6957.01
899 6884.1 6952.65
900 6884.1 6938.27
901 6884.1 6946.74
902 6884.1 6935.57
903 6884.1 6927.17
904 6884.1 6911.74
905 6884.1 6887.33
906 6884.1 6974.94
907 6884.1 6969.59
908 6884.1 6930.44
909 6884.1 6944.62
910 6884.1 6942.56
911 6884.1 6926.82
912 6884.1 6940.28
913 6884.1 6949.89
914 6884.1 6939.27
915 6884.1 6958.25
916 6884.1 6942.43
917 6884.1 6924.27
918 6884.1 6962.05
919 6884.1 7029.8
920 6884.1 7022.25
921 6884.1 6982.8
922 6884.1 6960.7
923 6884.1 6956.6
924 6884.1 6964.86
925 6884.1 6922.25
926 6884.1 6932.08
927 6884.1 6931.84
928 6884.1 6972.98
929 6884.1 6982.41
930 6877.87 6995.34
931 6877.87 7073.27
932 6869.79 7324.05
933 6869.79 7520.05
934 6869.79 7573.55
935 6869.79 7618.65
936 6869.79 7404.07
937 6869.79 7193.01
938 6869.79 7079.32
939 6869.79 6993.16
940 6869.79 6962.35
941 6869.79 6950.32
942 6869.79 6976.75
943 6869.79 6946.27
944 6869.79 6938.15
945 6869.79 6946.62
946 6869.79 6922.91
947 6869.79 6929.12
948 6869.79 6921.52
949 6869.79 6908.92
950 6869.79 6920.29
951 6869.79 6941.97
952 6869.79 6948.05
953 6869.79 6992.31
954 6869.79 6996.77
955 6869.79 7000.48
956 6869.79 6960.79
957 6869.79 6984.56
958 6869.79 6974.3
959 6869.79 6971.26
960 6869.79 6943.65
961 6869.79 6925.52
962 6869.79 6904.27
963 6869.79 6880.84
964 6869.79 6898.71
965 6869.79 6904.33
966 6869.79 6938.79
967 6869.79 6961.5
968 6869.79 6952.4
969 6869.79 6930.82
970 6869.79 6891.18
971 6869.79 6938.87
972 6869.79 6951.89
973 6869.79 6971.8
974 6869.79 6996.35
975 6869.79 6952.89
976 6869.79 6934.39
977 6869.79 6972.81
978 6859.52 6939.37
979 6859.52 6955.16
980 6859.52 7015.69
981 6859.52 7096.11
982 6859.52 7068.82
983 6859.52 7090.17
984 6859.52 7078.04
985 6859.52 7070.39
986 6859.52 7022.49
987 6859.52 6980.69
988 6859.52 6932.09
989 6859.52 6948.1
990 6859.52 6942.65
991 6859.52 6957.64
992 6859.52 6923
993 6859.52 6923.19
994 6859.52 6907.73
995 6859.52 6932.59
996 6859.52 6917.1
997 6859.52 6907.4
998 6859.52 6889.3
999 6859.52 6908.64
1000 6859.52 6923.03
