Generation Loss_Best Loss_Average_Half
0 41172.6 47618.3
1 39561.6 45571
2 38652.2 43372.8
3 36575.7 41399.1
4 35312.2 39838.7
5 33919.7 38659.4
6 32314.9 37195.2
7 31295.9 35718
8 30755.7 34190.7
9 29856.3 32928.4
10 28798.5 31820.8
11 27771.1 30777.5
12 27472.9 29762.8
13 26864.7 28928.9
14 26372.9 28194.8
15 26074.7 27587
16 25648.5 27122.2
17 25066.5 26713.3
18 24828.3 26238.8
19 24375.7 25849.3
20 23756.8 25452
21 23484.5 25015.3
22 22986 24559.8
23 22431.4 24048.5
24 21873.4 23584.7
25 21197.8 23046.2
26 20663.6 22549.5
27 20181 21995
28 19664.9 21494
29 19442.5 20959.3
30 18903.8 20413.6
31 18638.3 19986.7
32 18515.5 19592.7
33 18352.6 19264.6
34 18127.4 19035.4
35 17841.5 18846.8
36 17444 18643.4
37 17353.8 18354.8
38 17021 18046.7
39 16887.1 17758.8
40 16430.4 17515.8
41 16174.9 17315.6
42 15971.5 17026.5
43 15806.2 16765
44 15228.3 16524.7
45 15060.4 16151.9
46 14985.7 15848.8
47 14859.9 15568.7
48 14743.3 15332.1
49 14525.6 15212.5
50 14291 15087.6
51 14076.6 14884.3
52 14023.3 14663.6
53 13791.2 14454.8
54 13542.7 14269.2
55 13488.1 14083.2
56 13441.6 13918.9
57 13296.5 13769.4
58 13188.7 13638.5
59 13006.2 13552.8
60 12946.9 13493.6
61 12853.9 13397.5
62 12820.4 13288.2
63 12601.5 13232.8
64 12547.6 13144.7
65 12472.6 12992.1
66 12388.8 12873.6
67 12319.4 12764.7
68 12116.9 12692.2
69 12063.1 12625.1
70 12029.6 12554.7
71 11898.8 12446.9
72 11752.6 12367.2
73 11677.2 12299.7
74 11536.9 12217.9
75 11353.8 12153.3
76 11326.5 12017.1
77 11086.1 11842.4
78 11070.1 11727.3
79 10915.2 11506.6
80 10870.3 11358.5
81 10729.9 11226.5
82 10637.6 11126.7
83 10548.7 11033.5
84 10491 10949
85 10428.4 10857.5
86 10352.5 10731.2
87 10258.9 10650.1
88 10183.1 10575.8
89 10014.3 10519.9
90 9999.15 10436.9
91 9999.15 10346.1
92 9886.22 10260.3
93 9815.2 10230.8
94 9777.01 10176.2
95 9642.03 10100.3
96 9583.36 10022.1
97 9481.9 9921.11
98 9390.83 9815.77
99 9304.92 9703.07
100 9203.89 9587.3
101 9203.89 9511.69
102 9132.51 9408.74
103 9132.15 9340.2
104 9060.77 9293.2
105 9045.72 9256.21
106 8974.34 9202.47
107 8974.34 9170.76
108 8946.73 9139.37
109 8927.04 9093.87
110 8843.17 9069.81
111 8815.56 9037.26
112 8759.88 8988.28
113 8732.28 8936.55
114 8717.42 8884.35
115 8680.33 8845.96
116 8594.29 8842.2
117 8551.83 8853.97
118 8551.83 8916.14
119 8551.83 8879.31
120 8494.12 8764.33
121 8176.58 8681.45
122 8176.58 8667.05
123 8176.58 8750.73
124 8156.95 8829.16
125 8148.92 8866.52
126 8109.2 8819.29
127 8109.2 8681.35
128 8099.35 8556.35
129 8099.35 8397.08
130 8059.6 8283.86
131 8047.66 8236.23
132 7998.07 8183.31
133 7982.54 8176.5
134 7982.54 8131.12
135 7969.38 8115.87
136 7907.42 8089.52
137 7886.47 8057.64
138 7811.35 8032.92
139 7811.35 8013.01
140 7803.83 7978.81
141 7773.59 7939.29
142 7751.1 7918.21
143 7699.49 7873.96
144 7691.98 7844.64
145 7653.37 7829.64
146 7612 7824.63
147 7556.34 7837.6
148 7533.21 7838.06
149 7533.21 7807.86
150 7530.49 7748.69
151 7530.49 7688.63
152 7495.34 7654.51
153 7489.49 7623.69
154 7454.5 7614.31
155 7389.06 7579.07
156 7314.17 7561.39
157 7314.17 7537.79
158 7314.17 7476.14
159 7256.46 7406.46
160 7256.46 7399.65
161 7256.46 7395.42
162 7256.46 7373.4
163 7178.54 7350.04
164 7172.12 7338.09
165 7094.2 7310.14
166 7050.81 7303.11
167 7046.47 7259.37
168 7039.43 7194.54
169 7035.09 7141.67
170 7027.43 7124.65
171 7016.05 7120.41
172 7009.54 7127.33
173 6986.16 7106.84
174 6978.49 7120.72
175 6961.57 7122.93
176 6954.76 7107.14
177 6935.17 7088.32
178 6935.17 7055.53
179 6921.75 7032.55
180 6915.46 7012.05
181 6915.46 7013.84
182 6891.05 7002.19
183 6878.66 6996.94
184 6818.39 6972.27
185 6798.79 6945.14
186 6798.79 6915.93
187 6796.57 6882.36
188 6764.48 6860.22
189 6730.27 6853.46
190 6730.27 6834.81
191 6730.27 6828.64
192 6730.27 6816.29
193 6730.27 6793.75
194 6723.01 6779.63
195 6696.92 6793.17
196 6661.66 6810.64
197 6661.66 6788.1
198 6661.66 6768.92
199 6661.66 6768.3
200 6656.71 6739.84
201 6656.25 6744.22
202 6656.25 6752.53
203 6648.47 6759.47
204 6648.47 6779.07
205 6648.47 6779.72
206 6648.47 6779.68
207 6648.47 6766.16
208 6648.47 6730.06
209 6648.47 6723.71
210 6648.47 6707.56
211 6648.47 6697.22
212 6648.47 6711.31
213 6648.47 6708.75
214 6648.47 6713.62
215 6648.47 6719.91
216 6648.47 6730.23
217 6648.47 6718.6
218 6648.47 6702.18
219 6648.47 6707.87
220 6648.47 6688.47
221 6648.47 6679.86
222 6632.58 6713.73
223 6632.58 6701.52
224 6632.58 6700.9
225 6632.58 6723.2
226 6632.58 6709.95
227 6632.58 6691.34
228 6632.58 6692.36
229 6632.58 6696.37
230 6632.58 6711.79
231 6632.58 6703.14
232 6632.58 6711.09
233 6632.58 6679.45
234 6632.58 6670.41
235 6603.72 6676.26
236 6603.72 6675.23
237 6603.72 6681.46
238 6556.68 6663.66
239 6556.68 6671.34
240 6556.68 6647.6
241 6556.68 6640.89
242 6532.91 6631.14
243 6532.91 6617.91
244 6532.91 6627.44
245 6532.91 6611.72
246 6529.94 6625
247 6529.94 6618.69
248 6529.94 6591.13
249 6529.94 6596.77
250 6498.04 6588.51
251 6498.04 6591.42
252 6498.04 6585.03
253 6498.04 6571.41
254 6498.04 6574.55
255 6498.04 6560.06
256 6498.04 6555.2
257 6498.04 6561.22
258 6498.04 6561.51
259 6498.04 6578.64
260 6498.04 6584.44
261 6498.04 6578.79
262 6498.04 6597.16
263 6498.04 6578.92
264 6498.04 6578.23
265 6498.04 6573.97
266 6498.04 6568.1
267 6498.04 6580.52
268 6498.04 6561.64
269 6498.04 6563.08
270 6498.04 6563.66
271 6498.04 6558.65
272 6498.04 6550.6
273 6498.04 6568.44
274 6485.86 6561.14
275 6485.86 6571.57
276 6485.86 6558.01
277 6485.86 6566.26
278 6477.29 6553.75
279 6477.29 6540.05
280 6477.29 6544.02
281 6477.29 6548.72
282 6477.29 6532.55
283 6477.29 6531.51
284 6477.29 6532.61
285 6477.29 6533.88
286 6477.29 6544.76
287 6469.76 6537.89
288 6469.76 6549.54
289 6469.76 6554.25
290 6469.76 6535.9
291 6469.76 6522.73
292 6469.76 6532.88
293 6469.76 6546.63
294 6469.76 6534.61
295 6469.76 6526.26
296 6469.76 6530.96
297 6469.76 6536.84
298 6469.76 6525.92
299 6469.76 6519.55
300 6469.76 6519.09
301 6469.76 6526.27
302 6469.76 6540.64
303 6469.76 6558.62
304 6469.76 6523.16
305 6469.76 6522.7
306 6469.76 6509.97
307 6469.76 6525.2
308 6469.76 6528.79
309 6469.76 6544.13
310 6469.76 6515.26
311 6469.76 6538.14
312 6469.76 6554.52
313 6469.76 6531.57
314 6469.76 6528.31
315 6469.76 6519
316 6469.76 6533.08
317 6469.76 6526.33
318 6469.76 6526.65
319 6469.76 6548.45
320 6469.76 6539.58
321 6469.76 6535.69
322 6469.76 6540.49
323 6469.76 6538.31
324 6469.76 6541.18
325 6469.76 6553.05
326 6469.76 6559.29
327 6469.76 6570.7
328 6469.76 6529.53
329 6469.76 6507.42
330 6469.76 6526.72
331 6469.76 6524.38
332 6469.76 6578.52
333 6469.76 6700.84
334 6469.76 6912.7
335 6469.76 7091.5
336 6469.76 7057.36
337 6469.76 6963.43
338 6469.76 6748.86
339 6469.76 6672.29
340 6469.76 6634.24
341 6469.76 6588.26
342 6469.76 6552.9
343 6469.76 6536.56
344 6469.76 6539.19
345 6469.76 6526.85
346 6469.76 6547.66
347 6469.76 6531.96
348 6440.92 6520.49
349 6440.92 6531.58
350 6437.8 6539.3
351 6437.8 6540.13
352 6437.8 6516.36
353 6437.8 6515.72
354 6437.8 6518.75
355 6437.8 6531.04
356 6437.8 6513.76
357 6437.8 6504.8
358 6437.8 6500.8
359 6437.8 6512.06
360 6437.8 6506.99
361 6435.5 6494.27
362 6435.5 6503.74
363 6435.5 6522.41
364 6435.5 6561.3
365 6435.5 6556.24
366 6435.5 6532.11
367 6435.5 6513.31
368 6435.5 6498.8
369 6435.5 6490.22
370 6435.5 6495.08
371 6435.5 6504.26
372 6435.5 6483.43
373 6420.24 6489.87
374 6420.24 6497.48
375 6417.99 6525.46
376 6417.99 6547.73
377 6417.99 6536.76
378 6417.99 6549.91
379 6417.99 6528.38
380 6417.99 6515.52
381 6417.99 6501.32
382 6417.99 6495.6
383 6417.99 6499.06
384 6417.99 6491.58
385 6417.99 6475.55
386 6417.99 6470.24
387 6417.99 6478.68
388 6417.99 6485.4
389 6417.99 6486.02
390 6417.99 6489.55
391 6417.99 6481.93
392 6417.99 6492.61
393 6408.45 6479.64
394 6408.45 6480.37
395 6408.45 6479.01
396 6408.45 6471.84
397 6384.92 6457.97
398 6384.92 6462.52
399 6384.92 6453.43
400 6384.92 6456.4
401 6384.92 6455.39
402 6384.92 6448.4
403 6384.92 6429.42
404 6384.92 6437.6
405 6384.92 6433.37
406 6384.92 6441.44
407 6384.92 6446.76
408 6384.92 6451.42
409 6384.92 6454.67
410 6384.92 6452.87
411 6384.92 6448.8
412 6384.92 6461.63
413 6384.92 6474.77
414 6384.92 6461.81
415 6384.92 6448.35
416 6384.92 6429.51
417 6384.92 6439.64
418 6384.92 6426.55
419 6384.92 6429.08
420 6384.92 6434.27
421 6384.92 6442.44
422 6384.92 6448.77
423 6384.92 6451.8
424 6384.92 6442.17
425 6384.92 6441.25
426 6384.92 6436.95
427 6384.92 6428.49
428 6384.92 6427.78
429 6384.92 6429.46
430 6384.92 6440.18
431 6384.92 6449.48
432 6384.92 6458.21
433 6384.92 6456.14
434 6384.92 6439.42
435 6384.92 6448.45
436 6384.92 6442.45
437 6384.92 6450.53
438 6384.92 6445.2
439 6384.92 6442.06
440 6384.92 6455.72
441 6384.92 6448.63
442 6384.92 6458.52
443 6384.92 6436.6
444 6384.92 6432.86
445 6384.92 6444.28
446 6384.92 6450.64
447 6384.92 6457.39
448 6384.92 6472.07
449 6384.92 6461.13
450 6384.92 6455.66
451 6384.92 6448.74
452 6384.92 6429.05
453 6384.92 6428.66
454 6384.92 6443.57
455 6384.92 6474.75
456 6384.92 6448.65
457 6384.92 6461.73
458 6384.92 6451.74
459 6384.92 6459.83
460 6384.92 6439.98
461 6384.92 6427.13
462 6384.92 6429.89
463 6384.92 6427.96
464 6384.92 6437.31
465 6384.92 6428.47
466 6384.92 6436.62
467 6384.92 6425.82
468 6384.92 6428.48
469 6384.92 6447.51
470 6384.92 6454.84
471 6384.92 6449.6
472 6384.92 6454.73
473 6384.92 6434.5
474 6384.92 6438.27
475 6384.92 6428.9
476 6384.92 6434
477 6384.92 6432.52
478 6384.92 6449.45
479 6384.92 6435.59
480 6384.92 6449.64
481 6384.92 6446.61
482 6384.92 6438.62
483 6384.92 6458.39
484 6384.92 6453.6
485 6384.92 6444.5
486 6384.92 6447.09
487 6384.92 6440.46
488 6380.8 6447.49
489 6380.8 6439.37
490 6377.68 6449.29
491 6377.68 6449.02
492 6377.68 6435.79
493 6377.68 6440.69
494 6377.68 6455.22
495 6377.68 6454.17
496 6377.68 6442.59
497 6377.68 6430.57
498 6365.24 6465.41
499 6365.24 6461.06
500 6365.24 6475.5
501 6365.24 6452.73
502 6365.24 6446.48
503 6365.24 6421.28
504 6365.24 6418.49
505 6365.24 6479.47
506 6365.24 6601.34
507 6365.24 6811.83
508 6365.24 6947.84
509 6365.24 7010.7
510 6365.24 6895.03
511 6365.24 6694.41
512 6365.24 6561.9
513 6365.24 6497.22
514 6365.24 6465.46
515 6365.24 6449.51
516 6365.24 6429.62
517 6365.24 6429.05
518 6365.24 6411.14
519 6365.24 6420.72
520 6365.24 6412.16
521 6365.24 6422.33
522 6365.24 6442.84
523 6365.24 6433.07
524 6365.24 6444.38
525 6365.24 6433.82
526 6365.24 6434.94
527 6365.24 6429.97
528 6365.24 6422.13
529 6365.24 6421.2
530 6365.24 6409.98
531 6365.24 6416.5
532 6365.24 6415.94
533 6365.24 6408.32
534 6365.24 6421.3
535 6365.24 6421.16
536 6365.24 6427.76
537 6365.24 6421.66
538 6365.24 6432.96
539 6365.24 6431.09
540 6365.24 6430.94
541 6365.24 6433.46
542 6365.24 6433
543 6365.24 6457.87
544 6365.24 6444.9
545 6365.24 6437.21
546 6365.24 6419.61
547 6365.24 6417.88
548 6365.24 6411.01
549 6365.24 6410.63
550 6365.24 6422.84
551 6365.24 6433.47
552 6365.24 6424.19
553 6365.24 6425.4
554 6365.24 6417.79
555 6365.24 6430.45
556 6365.24 6449.09
557 6365.24 6434.28
558 6365.24 6423.01
559 6365.24 6420.24
560 6365.24 6435.04
561 6365.24 6439.92
562 6365.24 6448.51
563 6365.24 6440.36
564 6365.24 6423.91
565 6365.24 6419.93
566 6365.24 6430.54
567 6365.24 6410.76
568 6365.24 6427.72
569 6365.24 6423.88
570 6365.24 6417.26
571 6365.24 6406.22
572 6365.24 6418.75
573 6365.24 6428.72
574 6365.24 6439.86
575 6365.24 6443.61
576 6365.24 6432.68
577 6365.24 6444.57
578 6365.24 6431.12
579 6365.24 6436.81
580 6365.24 6418.64
581 6365.24 6436.63
582 6365.24 6438.68
583 6365.24 6424.33
584 6365.24 6413.33
585 6365.24 6420.4
586 6365.24 6424.3
587 6365.24 6422.94
588 6365.24 6434.25
589 6365.24 6437.34
590 6365.24 6414.45
591 6365.24 6426.14
592 6365.24 6428.59
593 6365.24 6422.35
594 6365.24 6439.64
595 6365.24 6468.81
596 6365.24 6449.6
597 6365.24 6414.62
598 6365.24 6414.98
599 6365.24 6414.52
600 6365.24 6407.64
601 6365.24 6409.06
602 6365.24 6438.61
603 6365.24 6415.16
604 6365.24 6401.97
605 6365.24 6406.32
606 6365.24 6412.2
607 6365.24 6417.79
608 6365.24 6404.02
609 6365.24 6412.28
610 6365.24 6437.04
611 6365.24 6427.98
612 6365.24 6441.84
613 6365.24 6426.74
614 6365.24 6428.67
615 6365.24 6436.52
616 6365.24 6434.65
617 6365.24 6428.48
618 6365.24 6429.98
619 6365.24 6425.79
620 6365.24 6446.21
621 6365.24 6433.19
622 6365.24 6453.44
623 6365.24 6428.76
624 6365.24 6419.25
625 6365.24 6418.79
626 6365.24 6418.98
627 6365.24 6415.05
628 6365.24 6434.35
629 6365.24 6432.58
630 6365.24 6414.17
631 6365.24 6408.61
632 6365.24 6411.11
633 6365.24 6411.53
634 6365.24 6416.89
635 6365.24 6416.93
636 6365.24 6443.06
637 6365.24 6432.72
638 6365.24 6429.27
639 6365.24 6421.83
640 6365.24 6432.49
641 6365.24 6438.92
642 6365.24 6431.81
643 6365.24 6427.41
644 6365.24 6421.82
645 6365.24 6433.21
646 6365.24 6438.61
647 6365.24 6433.82
648 6365.24 6417.21
649 6365.24 6428.81
650 6365.24 6422.77
651 6365.24 6416.48
652 6365.24 6411.68
653 6365.24 6428.22
654 6365.24 6422.77
655 6365.24 6438.05
656 6365.24 6432.38
657 6365.24 6413.26
658 6365.24 6428.27
659 6365.24 6433.13
660 6365.24 6430.3
661 6365.24 6447.66
662 6365.24 6413.28
663 6365.24 6417.71
664 6365.24 6432.09
665 6365.24 6445.57
666 6365.24 6444.71
667 6365.24 6429.37
668 6365.24 6431.76
669 6365.24 6424.29
670 6365.24 6425.58
671 6365.24 6425.89
672 6365.24 6418
673 6365.24 6413.95
674 6365.24 6406.4
675 6365.24 6412.63
676 6365.24 6414.76
677 6365.24 6414.19
678 6365.24 6406.66
679 6365.24 6427.62
680 6365.24 6437.13
681 6365.24 6424.02
682 6365.24 6425.21
683 6365.24 6418.49
684 6365.24 6415.71
685 6365.24 6411.2
686 6365.24 6419.25
687 6365.24 6421.48
688 6365.24 6430.52
689 6365.24 6417.16
690 6365.24 6419.9
691 6365.24 6420.92
692 6365.24 6409.27
693 6365.24 6427.86
694 6365.24 6432.34
695 6365.24 6447.44
696 6365.24 6428.75
697 6365.24 6435.57
698 6365.24 6426.69
699 6365.24 6421.87
700 6365.24 6422.22
701 6365.24 6444.73
702 6365.24 6453.17
703 6365.24 6432.64
704 6365.24 6417.9
705 6365.24 6446.15
706 6365.24 6434.5
707 6365.24 6457.69
708 6365.24 6436.24
709 6365.24 6428.29
710 6365.24 6429.16
711 6365.24 6434.35
712 6365.24 6437.22
713 6365.24 6436.33
714 6365.24 6430.62
715 6365.24 6426.46
716 6365.24 6440.42
717 6365.24 6418.17
718 6365.24 6443.41
719 6365.24 6429.96
720 6365.24 6444.23
721 6365.24 6422.93
722 6365.24 6444.5
723 6365.24 6424.42
724 6365.24 6441.12
725 6365.24 6431.36
726 6365.24 6418.21
727 6365.24 6415.54
728 6365.24 6406.31
729 6365.24 6408.19
730 6365.24 6410.96
731 6365.24 6416.69
732 6365.24 6404.25
733 6365.24 6422.89
734 6365.24 6426.76
735 6365.24 6417.3
736 6365.24 6422.37
737 6365.24 6435.11
738 6365.24 6432.79
739 6365.24 6435.02
740 6365.24 6427.42
741 6365.24 6438.51
742 6365.24 6437.52
743 6365.24 6441.71
744 6365.24 6450.16
745 6365.24 6444.11
746 6365.24 6435.7
747 6365.24 6438.81
748 6365.24 6455.19
749 6365.24 6435.74
750 6365.24 6441.03
751 6365.24 6431.19
752 6365.24 6416.7
753 6365.24 6438.99
754 6365.24 6428.59
755 6365.24 6417.99
756 6365.24 6406.83
757 6365.24 6410.81
758 6365.24 6416.92
759 6365.24 6441.19
760 6365.24 6447.09
761 6365.24 6441.34
762 6365.24 6423.56
763 6365.24 6440.09
764 6365.24 6435.7
765 6365.24 6416.6
766 6365.24 6410.02
767 6365.24 6423.65
768 6365.24 6446.33
769 6365.24 6433.7
770 6365.24 6421.64
771 6365.24 6424.01
772 6365.24 6424.7
773 6365.24 6417.48
774 6365.24 6423.48
775 6365.24 6419.99
776 6365.24 6417.9
777 6365.24 6408.22
778 6365.24 6416.99
779 6365.24 6417.81
780 6365.24 6422.93
781 6365.24 6424.85
782 6365.24 6421.8
783 6365.24 6417.36
784 6365.24 6410.74
785 6365.24 6411.79
786 6365.24 6415.57
787 6365.24 6423.96
788 6365.24 6426.81
789 6365.24 6418.25
790 6365.24 6430.73
791 6365.24 6429.82
792 6365.24 6404.84
793 6365.24 6415.5
794 6365.24 6405.45
795 6365.24 6407.56
796 6365.24 6416.55
797 6365.24 6423.97
798 6365.24 6433.6
799 6365.24 6431.99
800 6365.24 6423.82
801 6365.24 6417.66
802 6365.24 6438.24
803 6365.24 6421.99
804 6365.24 6405.32
805 6365.24 6425.37
806 6365.24 6431.48
807 6365.24 6415.99
808 6365.24 6419.11
809 6365.24 6419.15
810 6365.24 6421.26
811 6365.24 6413.93
812 6365.24 6430.67
813 6365.24 6437.68
814 6365.24 6430.43
815 6365.24 6447.93
816 6365.24 6428.76
817 6365.24 6432.64
818 6365.24 6425.66
819 6365.24 6444.53
820 6365.24 6452.41
821 6365.24 6443.53
822 6365.24 6440.16
823 6365.24 6432.48
824 6365.24 6423.04
825 6365.24 6425.01
826 6365.24 6421.61
827 6365.24 6422.36
828 6365.24 6428.87
829 6365.24 6434.21
830 6365.24 6441.05
831 6365.24 6437.8
832 6365.24 6441.9
833 6365.24 6424.55
834 6365.24 6433.97
835 6365.24 6432.6
836 6365.24 6427.9
837 6365.24 6406.73
838 6365.24 6414.32
839 6365.24 6413.65
840 6365.24 6400.4
841 6365.24 6410.89
842 6365.24 6419.78
843 6365.24 6439.02
844 6365.24 6456.08
845 6365.24 6440.3
846 6365.24 6424
847 6365.24 6402.61
848 6365.24 6433.85
849 6365.24 6450.99
850 6365.24 6448.69
851 6365.24 6432.44
852 6365.24 6439.09
853 6365.24 6434.55
854 6365.24 6430.95
855 6365.24 6412.61
856 6365.24 6407.13
857 6365.24 6405.47
858 6365.24 6419.8
859 6365.24 6429.11
860 6365.24 6429.34
861 6365.24 6411.5
862 6365.24 6425.27
863 6365.24 6434.72
864 6365.24 6435.42
865 6365.24 6452.92
866 6365.24 6444.68
867 6365.24 6431.66
868 6365.24 6450.09
869 6365.24 6460.77
870 6365.24 6467.72
871 6365.24 6456.19
872 6365.24 6424.05
873 6365.24 6434.34
874 6365.24 6427.44
875 6365.24 6427.23
876 6365.24 6434.34
877 6365.24 6418.1
878 6365.24 6420.15
879 6365.24 6441.14
880 6365.24 6424.34
881 6365.24 6452.72
882 6365.24 6437.26
883 6365.24 6444.44
884 6365.24 6427.65
885 6365.24 6436.12
886 6365.24 6411.62
887 6365.24 6430.24
888 6365.24 6431.31
889 6365.24 6414.2
890 6365.24 6416.68
891 6365.24 6410.12
892 6365.24 6415.43
893 6365.24 6424.93
894 6365.24 6428.98
895 6365.24 6409.42
896 6365.24 6408.84
897 6365.24 6418.98
898 6365.24 6432.75
899 6365.24 6428.71
900 6365.24 6431.19
901 6365.24 6419.24
902 6365.24 6419.33
903 6365.24 6405.8
904 6365.24 6422.96
905 6365.24 6415.59
906 6365.24 6425.75
907 6365.24 6412.26
908 6365.24 6429.27
909 6365.24 6421.1
910 6365.24 6397.49
911 6365.24 6403.53
912 6365.24 6432.27
913 6365.24 6444.67
914 6365.24 6451.57
915 6365.24 6440.75
916 6365.24 6417.4
917 6365.24 6413.06
918 6365.24 6419.32
919 6365.24 6426.48
920 6365.24 6404.13
921 6365.24 6423.85
922 6365.24 6425.56
923 6365.24 6427.2
924 6365.24 6418.41
925 6365.24 6427.95
926 6365.24 6424.42
927 6365.24 6453.48
928 6365.24 6442.22
929 6365.24 6433.58
930 6365.24 6431.82
931 6365.24 6401.55
932 6365.24 6403.96
933 6365.24 6397.51
934 6365.24 6415.68
935 6365.24 6443.65
936 6365.24 6423.9
937 6365.24 6440.93
938 6365.24 6446.62
939 6365.24 6426.11
940 6365.24 6417.43
941 6365.24 6425.8
942 6365.24 6434.83
943 6365.24 6416.3
944 6365.24 6408.92
945 6365.24 6410.76
946 6365.24 6416.89
947 6365.24 6418.58
948 6365.24 6433.42
949 6365.24 6417.4
950 6365.24 6423.92
951 6365.24 6420.83
952 6365.24 6427.18
953 6365.24 6407.31
954 6365.24 6423.45
955 6365.24 6444.96
956 6365.24 6409.32
957 6365.24 6431.74
958 6365.24 6408.06
959 6365.24 6426.24
960 6365.24 6404.02
961 6365.24 6422.69
962 6365.24 6445.39
963 6365.24 6445.98
964 6365.24 6432.91
965 6365.24 6430.89
966 6365.24 6435.33
967 6365.24 6442.62
968 6365.24 6424.24
969 6365.24 6426.56
970 6365.24 6423.87
971 6365.24 6433.89
972 6365.24 6445.62
973 6365.24 6434.09
974 6365.24 6451.52
975 6365.24 6466.02
976 6365.24 6440.06
977 6365.24 6440.92
978 6365.24 6447.14
979 6365.24 6445.88
980 6365.24 6445.21
981 6365.24 6446.33
982 6365.24 6426.35
983 6365.24 6411.47
984 6365.24 6417.08
985 6365.24 6423.37
986 6365.24 6428.79
987 6365.24 6434.09
988 6365.24 6420.35
989 6365.24 6443.05
990 6365.24 6428.56
991 6365.24 6414.86
992 6365.24 6425.92
993 6365.24 6432.82
994 6365.24 6410.52
995 6365.24 6404.02
996 6365.24 6410.63
997 6365.24 6428.66
998 6365.24 6424.08
999 6365.24 6410.54
1000 6365.24 6425.92
